Pearson_cc	cycle_cover	cycle_abundance	P-value
0.99499712401	1 2 3 4 5 6 7 	(2, 1, 5, 3, 2, 9, 4)	1.48919761561e-28
0.99499712401	1 3 4 5 6 7 	(3, 5, 2, 3, 8, 4)	1.48919761561e-28
0.994559178392	1 2 3 4 5 6 7 	(1, 1, 4, 3, 1, 8, 3)	4.61155232117e-28
0.994559178392	1 3 4 5 6 7 	(2, 4, 2, 2, 7, 3)	4.61155232117e-28
0.994559178392	2 3 4 6 7 	(2, 4, 4, 9, 3)	4.61155232117e-28
0.994516886477	1 3 4 5 6 7 	(3, 5, 3, 3, 9, 5)	5.11843443493e-28
0.994493485602	1 3 4 5 6 7 	(3, 5, 2, 3, 9, 5)	5.42059142543e-28
0.994153214527	1 3 4 5 6 7 	(3, 5, 2, 2, 9, 4)	1.21542940388e-27
0.994093918283	1 3 4 5 6 7 	(2, 4, 3, 2, 8, 4)	1.39232444085e-27
0.994093918283	1 2 3 4 5 6 7 	(1, 1, 4, 4, 1, 9, 4)	1.39232444085e-27
0.994039689998	2 3 4 6 7 	(2, 4, 4, 9, 4)	1.57467126812e-27
0.994039689998	1 2 3 4 5 6 7 	(1, 1, 4, 3, 1, 8, 4)	1.57467126812e-27
0.994039689998	1 3 4 5 6 7 	(2, 4, 2, 2, 7, 4)	1.57467126812e-27
0.99400399375	1 3 4 5 6 7 	(3, 6, 2, 3, 9, 4)	1.70650686549e-27
0.99398166562	1 3 4 5 6 7 	(3, 5, 2, 2, 9, 5)	1.7940876593e-27
0.993967607801	1 3 4 5 6 7 	(2, 4, 3, 2, 9, 5)	1.85134345719e-27
0.993714113791	1 2 3 4 5 6 7 	(1, 1, 4, 3, 1, 9, 4)	3.22242931498e-27
0.993714113791	2 3 4 6 7 	(1, 2, 2, 5, 2)	3.22242931498e-27
0.993714113791	1 3 4 5 6 7 	(2, 4, 2, 2, 8, 4)	3.22242931498e-27
0.993714113791	1 3 4 5 6 7 	(1, 2, 1, 1, 4, 2)	3.22242931498e-27
0.993601990253	1 3 4 5 6 7 	(3, 5, 3, 3, 9, 4)	4.08843802185e-27
0.99351065694	1 3 4 5 6 7 	(4, 6, 2, 4, 9, 5)	4.94800057873e-27
0.993495082615	1 3 4 5 6 7 	(2, 5, 3, 2, 9, 4)	5.11027727606e-27
0.993454486402	1 3 4 5 6 7 	(2, 3, 1, 2, 5, 3)	5.55671118004e-27
0.993454486402	1 2 3 4 5 6 7 	(1, 1, 3, 2, 1, 6, 3)	5.55671118004e-27
0.993454486402	2 3 4 6 7 	(2, 3, 3, 7, 3)	5.55671118004e-27
0.993454243404	1 2 3 4 5 6 7 	(2, 1, 5, 3, 1, 9, 4)	5.55948884001e-27
0.993454243404	1 3 4 5 6 7 	(3, 5, 2, 2, 8, 4)	5.55948884001e-27
0.993213080159	1 3 4 5 6 7 	(2, 3, 2, 2, 6, 3)	9.0478904174e-27
0.993213080159	2 3 4 6 7 	(2, 3, 4, 8, 3)	9.0478904174e-27
0.993213080159	1 2 3 4 5 6 7 	(1, 1, 3, 3, 1, 7, 3)	9.0478904174e-27
0.993111081072	1 3 4 5 6 7 	(3, 6, 3, 3, 9, 4)	1.10597820054e-26
0.993103450449	1 3 4 5 6 7 	(4, 6, 2, 3, 9, 4)	1.12258142079e-26
0.992944321264	1 2 3 4 5 6 7 	(2, 1, 5, 3, 2, 9, 5)	1.5260126047e-26
0.992944321264	1 3 4 5 6 7 	(3, 5, 2, 3, 8, 5)	1.5260126047e-26
0.992892907277	1 3 4 5 6 7 	(3, 5, 3, 2, 9, 4)	1.68265763949e-26
0.992868592732	1 3 4 5 6 7 	(3, 5, 2, 3, 9, 4)	1.76180607195e-26
0.992863298632	1 3 4 5 6 7 	(3, 4, 2, 2, 8, 4)	1.7794899057e-26
0.992863298632	1 2 3 4 5 6 7 	(2, 1, 4, 3, 1, 9, 4)	1.7794899057e-26
0.992713579173	1 2 3 4 5 6 7 	(1, 1, 3, 3, 1, 8, 4)	2.35310747415e-26
0.992713579173	2 3 4 6 7 	(2, 3, 4, 9, 4)	2.35310747415e-26
0.992713579173	1 3 4 5 6 7 	(2, 3, 2, 2, 7, 4)	2.35310747415e-26
0.992683444879	1 2 3 4 5 6 7 	(2, 1, 4, 3, 2, 8, 4)	2.48749802131e-26
0.992683444879	1 3 4 5 6 7 	(3, 4, 2, 3, 7, 4)	2.48749802131e-26
0.992683444879	1 2 3 4 5 6 7 	(1, 2, 4, 4, 1, 9, 4)	2.48749802131e-26
0.992669839014	1 2 3 4 5 6 7 	(2, 1, 4, 3, 2, 9, 5)	2.55047407055e-26
0.992669839014	1 3 4 5 6 7 	(3, 4, 2, 3, 8, 5)	2.55047407055e-26
0.992655219978	1 2 3 4 5 6 7 	(2, 1, 4, 3, 1, 9, 5)	2.61978187301e-26
0.992655219978	1 3 4 5 6 7 	(3, 4, 2, 2, 8, 5)	2.61978187301e-26
0.992623259044	1 3 4 5 6 7 	(2, 4, 2, 2, 6, 3)	2.77742019153e-26
0.992623259044	2 3 4 6 7 	(2, 4, 4, 8, 3)	2.77742019153e-26
0.992623259044	1 2 3 4 5 6 7 	(1, 1, 4, 3, 1, 7, 3)	2.77742019153e-26
0.99261870927	1 3 4 5 6 7 	(4, 6, 2, 4, 9, 4)	2.80056116553e-26
0.992603834501	1 2 3 4 5 6 7 	(1, 2, 5, 4, 1, 9, 3)	2.87746813084e-26
0.992603834501	1 3 4 5 6 7 	(3, 5, 2, 3, 7, 3)	2.87746813084e-26
0.992603834501	1 2 3 4 5 6 7 	(2, 1, 5, 3, 2, 8, 3)	2.87746813084e-26
0.992584633672	1 3 4 5 6 7 	(4, 5, 2, 3, 9, 5)	2.97963252472e-26
0.992564943196	1 3 4 5 6 7 	(2, 4, 2, 1, 8, 4)	3.08788037e-26
0.992564943196	1 2 3 4 6 7 	(1, 1, 4, 3, 9, 4)	3.08788037e-26
0.99254355489	1 3 4 5 6 7 	(2, 3, 2, 2, 6, 4)	3.20957812463e-26
0.99254355489	1 2 3 4 5 6 7 	(1, 1, 3, 3, 1, 7, 4)	3.20957812463e-26
0.99254355489	2 3 4 6 7 	(2, 3, 4, 8, 4)	3.20957812463e-26
0.992465684112	1 3 4 5 6 7 	(4, 6, 2, 3, 9, 5)	3.69115687837e-26
0.992432272298	1 3 4 5 6 7 	(3, 6, 2, 3, 9, 5)	3.91760245368e-26
0.992371521415	1 3 4 5 6 7 	(2, 3, 2, 1, 7, 4)	4.36258784044e-26
0.992371521415	1 2 3 4 6 7 	(1, 1, 3, 3, 8, 4)	4.36258784044e-26
0.992296409804	1 3 4 5 6 7 	(3, 4, 3, 2, 9, 5)	4.97736477166e-26
0.992295330318	1 3 4 5 6 7 	(3, 5, 3, 2, 9, 5)	4.98675738979e-26
0.992279359198	1 3 4 5 6 7 	(3, 5, 2, 2, 8, 3)	5.12765276686e-26
0.992279359198	1 2 3 4 5 6 7 	(2, 1, 5, 3, 1, 9, 3)	5.12765276686e-26
0.992242366328	1 2 3 4 5 6 7 	(1, 1, 4, 2, 1, 7, 3)	5.46826713788e-26
0.992242366328	2 3 4 6 7 	(2, 4, 3, 8, 3)	5.46826713788e-26
0.992242366328	1 3 4 5 6 7 	(2, 4, 1, 2, 6, 3)	5.46826713788e-26
0.992240897998	1 3 4 5 6 7 	(3, 5, 3, 3, 8, 4)	5.48220929983e-26
0.992240897998	1 2 3 4 5 6 7 	(2, 1, 5, 4, 2, 9, 4)	5.48220929983e-26
0.992208429523	1 2 3 4 5 6 7 	(1, 1, 4, 3, 1, 9, 5)	5.79903990088e-26
0.992208429523	1 3 4 5 6 7 	(2, 4, 2, 2, 8, 5)	5.79903990088e-26
0.992202450722	1 3 4 5 6 7 	(3, 4, 2, 2, 9, 5)	5.85919724571e-26
0.992140848455	1 3 4 5 6 7 	(4, 7, 2, 4, 9, 4)	6.51356314828e-26
0.992122728391	1 3 4 5 6 7 	(2, 4, 3, 2, 9, 4)	6.71853829407e-26
0.992105439383	1 3 4 5 6 7 	(3, 5, 3, 4, 9, 5)	6.91966214651e-26
0.992076100387	1 3 4 5 6 7 	(2, 4, 3, 2, 8, 5)	7.273760596e-26
0.992076100387	1 2 3 4 5 6 7 	(1, 1, 4, 4, 1, 9, 5)	7.273760596e-26
0.992074393843	1 3 4 5 6 7 	(1, 2, 2, 1, 5, 3)	7.29486449098e-26
0.992074393843	2 3 4 6 7 	(1, 2, 3, 6, 3)	7.29486449098e-26
0.992017332956	1 2 3 4 5 6 7 	(2, 1, 6, 3, 2, 9, 3)	8.03400594179e-26
0.992017332956	1 3 4 5 6 7 	(3, 6, 2, 3, 8, 3)	8.03400594179e-26
0.991968594411	1 3 4 5 6 7 	(3, 5, 2, 3, 9, 6)	8.71959627834e-26
0.991947439921	1 3 4 5 6 7 	(3, 6, 2, 2, 9, 4)	9.03369309934e-26
0.991939097065	1 3 4 5 6 7 	(2, 5, 3, 2, 9, 5)	9.16041956535e-26
0.991936771188	1 3 4 5 6 7 	(3, 6, 3, 4, 9, 4)	9.19604133253e-26
0.991936529892	1 3 4 5 6 7 	(2, 4, 3, 1, 9, 5)	9.19974420051e-26
0.991910450687	1 2 3 4 5 6 7 	(2, 1, 5, 3, 2, 9, 3)	9.60818349285e-26
0.991910450687	1 3 4 5 6 7 	(3, 5, 2, 3, 8, 3)	9.60818349285e-26
0.991893966445	1 3 4 5 6 7 	(3, 4, 3, 3, 9, 6)	9.87493923778e-26
0.991831188712	1 3 4 5 6 7 	(2, 4, 3, 1, 9, 4)	1.09548518006e-25
0.991777989807	1 3 4 5 6 7 	(1, 3, 2, 1, 6, 3)	1.19544629557e-25
0.991777989807	2 3 4 6 7 	(1, 3, 3, 7, 3)	1.19544629557e-25
0.991774907777	1 3 4 5 6 7 	(2, 5, 3, 3, 9, 5)	1.20148840755e-25
0.991766384996	1 3 4 5 6 7 	(2, 4, 2, 1, 7, 3)	1.21834418844e-25
