Pearson_cc	cycle_cover	cycle_abundance	P-value
0.989745003125	1 3 4 5 6 7 	(1, 6, 4, 1, 4, 11)	2.33237298112e-24
0.989745003125	2 3 4 6 7 	(1, 6, 5, 4, 12)	2.33237298112e-24
0.989541332794	2 3 4 6 7 	(1, 6, 5, 5, 13)	3.03795893989e-24
0.989541332794	1 3 4 5 6 7 	(1, 6, 4, 1, 5, 12)	3.03795893989e-24
0.989429412161	1 3 4 5 6 7 	(1, 7, 5, 1, 5, 13)	3.50514093495e-24
0.989376114925	1 3 4 5 6 7 	(1, 5, 3, 1, 3, 9)	3.75022389279e-24
0.989376114925	2 3 4 6 7 	(1, 5, 4, 3, 10)	3.75022389279e-24
0.989359562375	1 3 4 5 6 7 	(1, 6, 5, 1, 5, 13)	3.82950704058e-24
0.98926916745	1 3 4 5 6 7 	(1, 7, 5, 1, 4, 13)	4.29053429383e-24
0.989133016039	1 3 4 5 6 7 	(1, 7, 4, 1, 5, 13)	5.08260514261e-24
0.98910473917	1 3 4 5 6 7 	(1, 7, 4, 1, 4, 12)	5.26321053793e-24
0.98910473917	2 3 4 6 7 	(1, 7, 5, 4, 13)	5.26321053793e-24
0.989001454296	2 3 4 6 7 	(1, 6, 5, 4, 13)	5.97456788227e-24
0.989001454296	1 3 4 5 6 7 	(1, 6, 4, 1, 4, 12)	5.97456788227e-24
0.989001454102	2 3 4 6 7 	(1, 5, 5, 4, 11)	5.9745692959e-24
0.989001454102	1 3 4 5 6 7 	(1, 5, 4, 1, 4, 10)	5.9745692959e-24
0.988813585547	1 3 4 5 6 7 	(1, 6, 5, 1, 6, 13)	7.50119693194e-24
0.988771002046	2 3 4 6 7 	(1, 6, 6, 5, 13)	7.89402919516e-24
0.988771002046	1 3 4 5 6 7 	(1, 6, 5, 1, 5, 12)	7.89402919516e-24
0.988747691302	1 3 4 5 6 7 	(1, 5, 3, 1, 4, 10)	8.1170478214e-24
0.988747691302	2 3 4 6 7 	(1, 5, 4, 4, 11)	8.1170478214e-24
0.988703749826	2 3 4 6 7 	(1, 5, 5, 5, 12)	8.5533740826e-24
0.988703749826	1 3 4 5 6 7 	(1, 5, 4, 1, 5, 11)	8.5533740826e-24
0.988671414508	1 3 4 5 6 7 	(1, 6, 5, 1, 4, 12)	8.88820438009e-24
0.988671414508	2 3 4 6 7 	(1, 6, 6, 4, 13)	8.88820438009e-24
0.988663941389	1 3 4 5 6 7 	(2, 7, 4, 1, 5, 13)	8.96729384912e-24
0.988515504229	1 3 4 5 6 7 	(1, 7, 4, 1, 4, 13)	1.06796582497e-23
0.988428366394	1 3 4 5 6 7 	(1, 7, 5, 2, 5, 13)	1.18209679374e-23
0.988350642534	2 3 4 6 7 	(1, 4, 4, 3, 9)	1.29331446262e-23
0.988350642534	1 3 4 5 6 7 	(1, 4, 3, 1, 3, 8)	1.29331446262e-23
0.988308182064	2 3 4 6 7 	(1, 6, 4, 3, 11)	1.35808592444e-23
0.988308182064	1 3 4 5 6 7 	(1, 6, 3, 1, 3, 10)	1.35808592444e-23
0.9882231609	1 3 4 5 6 7 	(1, 6, 4, 1, 3, 11)	1.49689621813e-23
0.9882231609	2 3 4 6 7 	(1, 6, 5, 3, 12)	1.49689621813e-23
0.988219220762	1 3 4 5 6 7 	(1, 5, 3, 1, 4, 9)	1.50363667519e-23
0.988219220762	2 3 4 6 7 	(1, 5, 4, 4, 10)	1.50363667519e-23
0.988172677014	1 3 4 5 6 7 	(1, 5, 4, 1, 4, 11)	1.58541368408e-23
0.988172677014	2 3 4 6 7 	(1, 5, 5, 4, 12)	1.58541368408e-23
0.988124779498	2 3 4 6 7 	(1, 6, 4, 4, 12)	1.67384974104e-23
0.988124779498	1 3 4 5 6 7 	(1, 6, 3, 1, 4, 11)	1.67384974104e-23
0.988116499962	1 3 4 5 6 7 	(1, 6, 4, 1, 5, 13)	1.68959160702e-23
0.988042041026	1 3 4 5 6 7 	(2, 7, 4, 2, 5, 13)	1.83744293566e-23
0.988033677533	1 3 4 5 6 7 	(2, 8, 4, 2, 5, 13)	1.8547773855e-23
0.988016505316	1 3 4 5 6 7 	(2, 8, 4, 2, 4, 13)	1.89084430881e-23
0.988007767751	1 3 4 5 6 7 	(1, 6, 4, 1, 6, 13)	1.90944391134e-23
0.987895222417	2 3 4 6 7 	(1, 6, 5, 3, 11)	2.16464930615e-23
0.987895222417	1 3 4 5 6 7 	(1, 6, 4, 1, 3, 10)	2.16464930615e-23
0.987894536161	1 3 4 5 6 7 	(1, 7, 5, 1, 4, 12)	2.16629792239e-23
0.987894536161	2 3 4 6 7 	(1, 7, 6, 4, 13)	2.16629792239e-23
0.987858927792	2 3 4 6 7 	(1, 4, 3, 3, 8)	2.2534525194e-23
0.987858927792	1 3 4 5 6 7 	(1, 4, 2, 1, 3, 7)	2.2534525194e-23
0.987829889735	2 3 4 6 7 	(1, 6, 5, 5, 12)	2.32691486263e-23
0.987829889735	1 3 4 5 6 7 	(1, 6, 4, 1, 5, 11)	2.32691486263e-23
0.987747680374	1 3 4 5 6 7 	(2, 7, 4, 2, 4, 12)	2.54708230737e-23
0.987747680374	1 2 3 4 5 6 7 	(1, 1, 7, 5, 1, 4, 13)	2.54708230737e-23
0.987693806292	1 3 4 5 6 7 	(2, 7, 4, 1, 4, 12)	2.70165187589e-23
0.987693806292	1 2 3 4 6 7 	(1, 1, 7, 5, 4, 13)	2.70165187589e-23
0.987660416847	1 3 4 5 6 7 	(2, 7, 4, 2, 5, 12)	2.80175763618e-23
0.987660416847	1 2 3 4 5 6 7 	(1, 1, 7, 5, 1, 5, 13)	2.80175763618e-23
0.987636867318	1 3 4 5 6 7 	(2, 8, 4, 1, 4, 13)	2.87441375743e-23
0.987617758263	1 3 4 5 6 7 	(1, 7, 4, 1, 3, 12)	2.93464673503e-23
0.987617758263	2 3 4 6 7 	(1, 7, 5, 3, 13)	2.93464673503e-23
0.987613972893	1 3 4 5 6 7 	(1, 7, 4, 1, 5, 12)	2.94671615957e-23
0.987613972893	2 3 4 6 7 	(1, 7, 5, 5, 13)	2.94671615957e-23
0.987608833537	1 3 4 5 6 7 	(1, 6, 3, 1, 4, 10)	2.9631761929e-23
0.987608833537	2 3 4 6 7 	(1, 6, 4, 4, 11)	2.9631761929e-23
0.987606099812	1 3 4 5 6 7 	(1, 8, 4, 1, 4, 13)	2.97196622624e-23
0.987599012114	1 3 4 5 6 7 	(2, 7, 4, 1, 4, 13)	2.99486851764e-23
0.987591136074	1 3 4 5 6 7 	(1, 8, 5, 1, 4, 13)	3.02050961809e-23
0.987583798424	2 3 4 5 6 7 	(1, 7, 5, 1, 4, 13)	3.04458054011e-23
0.987583798424	1 3 4 5 6 7 	(1, 7, 4, 2, 4, 12)	3.04458054011e-23
0.987552231494	1 3 4 5 6 7 	(1, 8, 5, 2, 4, 13)	3.15017265285e-23
0.987523391434	1 3 4 5 6 7 	(1, 6, 4, 2, 4, 11)	3.24959476411e-23
0.987523391434	2 3 4 5 6 7 	(1, 6, 5, 1, 4, 12)	3.24959476411e-23
0.987510689268	2 3 4 6 7 	(1, 4, 4, 4, 10)	3.29429783665e-23
0.987510689268	1 3 4 5 6 7 	(1, 4, 3, 1, 4, 9)	3.29429783665e-23
0.987500404296	1 3 4 5 6 7 	(2, 6, 4, 1, 5, 12)	3.33091009901e-23
0.987500404296	1 2 3 4 6 7 	(1, 1, 6, 5, 5, 13)	3.33091009901e-23
0.987492003903	1 3 4 5 6 7 	(1, 7, 5, 2, 4, 12)	3.36109256195e-23
0.987492003903	2 3 4 5 6 7 	(1, 7, 6, 1, 4, 13)	3.36109256195e-23
0.987456197229	1 3 4 5 6 7 	(2, 7, 5, 2, 5, 13)	3.49260491276e-23
0.98744576336	2 3 4 6 7 	(1, 5, 6, 5, 13)	3.53181308725e-23
0.98744576336	1 3 4 5 6 7 	(1, 5, 5, 1, 5, 12)	3.53181308725e-23
0.987414397602	1 3 4 5 6 7 	(1, 7, 5, 2, 4, 13)	3.65214416824e-23
0.987386935691	1 2 3 4 6 7 	(1, 1, 6, 4, 4, 12)	3.76060103195e-23
0.987386935691	1 3 4 5 6 7 	(2, 6, 3, 1, 4, 11)	3.76060103195e-23
0.98738060526	1 3 4 5 6 7 	(2, 7, 4, 2, 6, 13)	3.78602111621e-23
0.987362795003	1 3 4 5 6 7 	(1, 6, 6, 1, 5, 13)	3.85839414575e-23
0.987352951174	1 3 4 5 6 7 	(2, 7, 3, 1, 4, 12)	3.89894220199e-23
0.987352951174	1 2 3 4 6 7 	(1, 1, 7, 4, 4, 13)	3.89894220199e-23
0.987347055054	2 3 4 5 6 7 	(1, 6, 6, 1, 5, 13)	3.9234175149e-23
0.987347055054	1 3 4 5 6 7 	(1, 6, 5, 2, 5, 12)	3.9234175149e-23
0.987332407999	1 3 4 5 6 7 	(1, 5, 4, 1, 3, 10)	3.98483517139e-23
0.987332407999	2 3 4 6 7 	(1, 5, 5, 3, 11)	3.98483517139e-23
0.987296035568	1 3 4 5 6 7 	(1, 7, 5, 1, 6, 13)	4.141218598e-23
0.987271742237	1 3 4 5 6 7 	(1, 7, 4, 1, 3, 11)	4.24880957645e-23
0.987271742237	2 3 4 6 7 	(1, 7, 5, 3, 12)	4.24880957645e-23
0.987227350809	1 3 4 5 6 7 	(1, 7, 4, 1, 6, 13)	4.45211889878e-23
0.987205425041	1 3 4 5 6 7 	(1, 6, 4, 1, 6, 12)	4.55582355735e-23
0.987205425041	2 3 4 6 7 	(1, 6, 5, 6, 13)	4.55582355735e-23
