Pearson_cc	cycle_cover	cycle_abundance	P-value
0.989922276181	2 3 4 6 7 	(1, 7, 6, 5, 15)	1.84506396762e-24
0.989922276181	1 3 4 5 6 7 	(1, 7, 5, 1, 5, 14)	1.84506396762e-24
0.989745003125	2 3 4 6 7 	(1, 6, 5, 4, 12)	2.33237298112e-24
0.989745003125	1 3 4 5 6 7 	(1, 6, 4, 1, 4, 11)	2.33237298112e-24
0.989596180952	1 3 4 5 6 7 	(1, 7, 6, 1, 6, 15)	2.83069559292e-24
0.989556021229	1 3 4 5 6 7 	(1, 8, 5, 1, 5, 15)	2.98111879169e-24
0.989541332794	1 3 4 5 6 7 	(1, 6, 4, 1, 5, 12)	3.03795893989e-24
0.989541332794	2 3 4 6 7 	(1, 6, 5, 5, 13)	3.03795893989e-24
0.989502683819	2 3 4 6 7 	(1, 7, 6, 6, 15)	3.19234552113e-24
0.989502683819	1 3 4 5 6 7 	(1, 7, 5, 1, 6, 14)	3.19234552113e-24
0.989441915841	1 3 4 5 6 7 	(1, 8, 6, 1, 5, 15)	3.44983211952e-24
0.989429412161	2 3 4 6 7 	(1, 7, 6, 5, 14)	3.50514093495e-24
0.989429412161	1 3 4 5 6 7 	(1, 7, 5, 1, 5, 13)	3.50514093495e-24
0.989376114925	2 3 4 6 7 	(1, 5, 4, 3, 10)	3.75022389279e-24
0.989376114925	1 3 4 5 6 7 	(1, 5, 3, 1, 3, 9)	3.75022389279e-24
0.989365865002	1 3 4 5 6 7 	(1, 7, 5, 1, 6, 15)	3.79913776849e-24
0.989359562375	2 3 4 6 7 	(1, 6, 6, 5, 14)	3.82950704058e-24
0.989359562375	1 3 4 5 6 7 	(1, 6, 5, 1, 5, 13)	3.82950704058e-24
0.989286957622	1 3 4 5 6 7 	(1, 8, 5, 1, 6, 15)	4.19593271845e-24
0.98926916745	2 3 4 6 7 	(1, 7, 6, 4, 14)	4.29053429383e-24
0.98926916745	1 3 4 5 6 7 	(1, 7, 5, 1, 4, 13)	4.29053429383e-24
0.989133016039	2 3 4 6 7 	(1, 7, 5, 5, 14)	5.08260514261e-24
0.989133016039	1 3 4 5 6 7 	(1, 7, 4, 1, 5, 13)	5.08260514261e-24
0.98910473917	1 3 4 5 6 7 	(1, 7, 4, 1, 4, 12)	5.26321053793e-24
0.98910473917	2 3 4 6 7 	(1, 7, 5, 4, 13)	5.26321053793e-24
0.989092405192	1 3 4 5 6 7 	(1, 8, 5, 1, 5, 14)	5.34383265542e-24
0.989092405192	2 3 4 6 7 	(1, 8, 6, 5, 15)	5.34383265542e-24
0.989001454296	2 3 4 6 7 	(1, 6, 5, 4, 13)	5.97456788227e-24
0.989001454296	1 3 4 5 6 7 	(1, 6, 4, 1, 4, 12)	5.97456788227e-24
0.989001454102	1 3 4 5 6 7 	(1, 5, 4, 1, 4, 10)	5.9745692959e-24
0.989001454102	2 3 4 6 7 	(1, 5, 5, 4, 11)	5.9745692959e-24
0.988957090055	1 3 4 5 6 7 	(2, 8, 5, 1, 6, 15)	6.30660221337e-24
0.988943471944	1 3 4 5 6 7 	(1, 7, 6, 1, 5, 14)	6.4118982237e-24
0.988943471944	2 3 4 6 7 	(1, 7, 7, 5, 15)	6.4118982237e-24
0.988941704182	1 3 4 5 6 7 	(2, 8, 5, 2, 6, 15)	6.4256852978e-24
0.988929300175	1 3 4 5 6 7 	(2, 8, 5, 1, 5, 15)	6.52320041095e-24
0.98892447584	1 3 4 5 6 7 	(1, 8, 6, 1, 6, 15)	6.561495754e-24
0.988834601591	1 3 4 5 6 7 	(2, 9, 5, 2, 5, 15)	7.31406375144e-24
0.988830674735	1 3 4 5 6 7 	(1, 8, 5, 1, 4, 14)	7.34869811259e-24
0.988830674735	2 3 4 6 7 	(1, 8, 6, 4, 15)	7.34869811259e-24
0.988813585547	1 3 4 5 6 7 	(1, 6, 5, 1, 6, 13)	7.50119693194e-24
0.988813585547	2 3 4 6 7 	(1, 6, 6, 6, 14)	7.50119693194e-24
0.988771002046	1 3 4 5 6 7 	(1, 6, 5, 1, 5, 12)	7.89402919516e-24
0.988771002046	2 3 4 6 7 	(1, 6, 6, 5, 13)	7.89402919516e-24
0.988752002543	1 3 4 5 6 7 	(1, 7, 6, 1, 5, 15)	8.07536696077e-24
0.988747691302	1 3 4 5 6 7 	(1, 5, 3, 1, 4, 10)	8.1170478214e-24
0.988747691302	2 3 4 6 7 	(1, 5, 4, 4, 11)	8.1170478214e-24
0.988703749826	2 3 4 6 7 	(1, 5, 5, 5, 12)	8.5533740826e-24
0.988703749826	1 3 4 5 6 7 	(1, 5, 4, 1, 5, 11)	8.5533740826e-24
0.988688228577	1 3 4 5 6 7 	(1, 6, 5, 1, 6, 14)	8.71261151079e-24
0.988688228577	2 3 4 6 7 	(1, 6, 6, 6, 15)	8.71261151079e-24
0.988671414508	1 3 4 5 6 7 	(1, 6, 5, 1, 4, 12)	8.88820438009e-24
0.988671414508	2 3 4 6 7 	(1, 6, 6, 4, 13)	8.88820438009e-24
0.988663941389	1 3 4 5 6 7 	(2, 7, 4, 1, 5, 13)	8.96729384912e-24
0.988663941389	1 2 3 4 6 7 	(1, 1, 7, 5, 5, 14)	8.96729384912e-24
0.988630057156	1 3 4 5 6 7 	(2, 8, 5, 2, 5, 14)	9.33413387865e-24
0.988630057156	1 2 3 4 5 6 7 	(1, 1, 8, 6, 1, 5, 15)	9.33413387865e-24
0.988622061431	1 3 4 5 6 7 	(2, 8, 4, 1, 5, 14)	9.42269881405e-24
0.988622061431	1 2 3 4 6 7 	(1, 1, 8, 5, 5, 15)	9.42269881405e-24
0.988620529975	1 3 4 5 6 7 	(1, 8, 6, 2, 6, 15)	9.43975050036e-24
0.988554494831	1 3 4 5 6 7 	(1, 7, 5, 1, 7, 15)	1.02027523244e-23
0.98855071477	1 3 4 5 6 7 	(1, 7, 6, 1, 7, 15)	1.0248109677e-23
0.988515504229	1 3 4 5 6 7 	(1, 7, 4, 1, 4, 13)	1.06796582497e-23
0.988515504229	2 3 4 6 7 	(1, 7, 5, 4, 14)	1.06796582497e-23
0.988497752569	1 3 4 5 6 7 	(1, 8, 6, 2, 5, 15)	1.09035447222e-23
0.988485444352	1 3 4 5 6 7 	(1, 8, 5, 2, 5, 14)	1.10613183115e-23
0.988485444352	2 3 4 5 6 7 	(1, 8, 6, 1, 5, 15)	1.10613183115e-23
0.988428366394	1 3 4 5 6 7 	(1, 7, 5, 2, 5, 13)	1.18209679374e-23
0.988428366394	2 3 4 5 6 7 	(1, 7, 6, 1, 5, 14)	1.18209679374e-23
0.988365382053	1 3 4 5 6 7 	(2, 8, 4, 2, 5, 14)	1.27150672887e-23
0.988365382053	1 2 3 4 5 6 7 	(1, 1, 8, 5, 1, 5, 15)	1.27150672887e-23
0.988350642534	1 3 4 5 6 7 	(1, 4, 3, 1, 3, 8)	1.29331446262e-23
0.988350642534	2 3 4 6 7 	(1, 4, 4, 3, 9)	1.29331446262e-23
0.988308182064	1 3 4 5 6 7 	(1, 6, 3, 1, 3, 10)	1.35808592444e-23
0.988308182064	2 3 4 6 7 	(1, 6, 4, 3, 11)	1.35808592444e-23
0.988304237448	1 3 4 5 6 7 	(2, 7, 5, 1, 6, 15)	1.36425313519e-23
0.988303632673	1 3 4 5 6 7 	(1, 7, 6, 1, 6, 14)	1.36520095768e-23
0.988303632673	2 3 4 6 7 	(1, 7, 7, 6, 15)	1.36520095768e-23
0.988300895734	1 3 4 5 6 7 	(2, 8, 4, 1, 6, 15)	1.36949799909e-23
0.988295719668	1 3 4 5 6 7 	(1, 8, 5, 2, 6, 15)	1.3776587414e-23
0.988264000886	1 3 4 5 6 7 	(2, 8, 5, 2, 5, 15)	1.42865821679e-23
0.9882231609	2 3 4 6 7 	(1, 6, 5, 3, 12)	1.49689621813e-23
0.9882231609	1 3 4 5 6 7 	(1, 6, 4, 1, 3, 11)	1.49689621813e-23
0.988219220762	2 3 4 6 7 	(1, 5, 4, 4, 10)	1.50363667519e-23
0.988219220762	1 3 4 5 6 7 	(1, 5, 3, 1, 4, 9)	1.50363667519e-23
0.988204978359	1 3 4 5 6 7 	(2, 9, 5, 2, 6, 15)	1.52823628916e-23
0.988172677014	1 3 4 5 6 7 	(1, 5, 4, 1, 4, 11)	1.58541368408e-23
0.988172677014	2 3 4 6 7 	(1, 5, 5, 4, 12)	1.58541368408e-23
0.988172206819	1 2 3 4 6 7 	(1, 1, 7, 5, 6, 15)	1.58626041036e-23
0.988172206819	1 3 4 5 6 7 	(2, 7, 4, 1, 6, 14)	1.58626041036e-23
0.988164717623	1 3 4 5 6 7 	(1, 6, 6, 1, 6, 14)	1.59980349319e-23
0.988164717623	2 3 4 6 7 	(1, 6, 7, 6, 15)	1.59980349319e-23
0.988124779498	1 3 4 5 6 7 	(1, 6, 3, 1, 4, 11)	1.67384974104e-23
0.988124779498	2 3 4 6 7 	(1, 6, 4, 4, 12)	1.67384974104e-23
0.988121380465	1 3 4 5 6 7 	(1, 7, 5, 1, 5, 15)	1.68029582386e-23
0.988119100431	1 3 4 5 6 7 	(2, 9, 5, 1, 5, 15)	1.68463264733e-23
0.988116661608	2 3 4 5 6 7 	(1, 7, 6, 1, 6, 15)	1.68928296223e-23
0.988116661608	1 3 4 5 6 7 	(1, 7, 5, 2, 6, 14)	1.68928296223e-23
0.988116499962	1 3 4 5 6 7 	(1, 6, 4, 1, 5, 13)	1.68959160702e-23
0.988116499962	2 3 4 6 7 	(1, 6, 5, 5, 14)	1.68959160702e-23
