Pearson_cc	cycle_cover	cycle_abundance	P-value
0.990062080587	2 3 4 6 7 	(1, 8, 7, 6, 17)	1.5291920931e-24
0.990062080587	1 3 4 5 6 7 	(1, 8, 6, 1, 6, 16)	1.5291920931e-24
0.989922276181	2 3 4 6 7 	(1, 7, 6, 5, 15)	1.84506396762e-24
0.989922276181	1 3 4 5 6 7 	(1, 7, 5, 1, 5, 14)	1.84506396762e-24
0.989871829375	1 3 4 5 6 7 	(1, 9, 7, 1, 7, 18)	1.97314448969e-24
0.989828235221	2 3 4 6 7 	(1, 9, 7, 6, 18)	2.09040179605e-24
0.989828235221	1 3 4 5 6 7 	(1, 9, 6, 1, 6, 17)	2.09040179605e-24
0.989756561524	2 3 4 6 7 	(1, 8, 7, 7, 18)	2.29728809414e-24
0.989756561524	1 3 4 5 6 7 	(1, 8, 6, 1, 7, 17)	2.29728809414e-24
0.989745003125	2 3 4 6 7 	(1, 6, 5, 4, 12)	2.33237298112e-24
0.989745003125	1 3 4 5 6 7 	(1, 6, 4, 1, 4, 11)	2.33237298112e-24
0.98973085646	1 3 4 5 6 7 	(1, 9, 7, 1, 6, 18)	2.37598903033e-24
0.989638867914	1 3 4 5 6 7 	(1, 9, 6, 1, 7, 18)	2.67852813595e-24
0.989621609851	1 3 4 5 6 7 	(2, 9, 6, 1, 7, 18)	2.73911309773e-24
0.989596180952	1 3 4 5 6 7 	(1, 7, 6, 1, 6, 15)	2.83069559292e-24
0.989596180952	2 3 4 6 7 	(1, 7, 7, 6, 16)	2.83069559292e-24
0.989556021229	2 3 4 6 7 	(1, 8, 6, 5, 16)	2.98111879169e-24
0.989556021229	1 3 4 5 6 7 	(1, 8, 5, 1, 5, 15)	2.98111879169e-24
0.989541332794	1 3 4 5 6 7 	(1, 6, 4, 1, 5, 12)	3.03795893989e-24
0.989541332794	2 3 4 6 7 	(1, 6, 5, 5, 13)	3.03795893989e-24
0.989512627066	1 3 4 5 6 7 	(1, 8, 7, 1, 7, 18)	3.15194759033e-24
0.989502683819	1 3 4 5 6 7 	(1, 7, 5, 1, 6, 14)	3.19234552113e-24
0.989502683819	2 3 4 6 7 	(1, 7, 6, 6, 15)	3.19234552113e-24
0.989444756048	1 3 4 5 6 7 	(1, 8, 7, 1, 7, 17)	3.43738180593e-24
0.989444756048	2 3 4 6 7 	(1, 8, 8, 7, 18)	3.43738180593e-24
0.989441915841	2 3 4 6 7 	(1, 8, 7, 5, 16)	3.44983211952e-24
0.989441915841	1 3 4 5 6 7 	(1, 8, 6, 1, 5, 15)	3.44983211952e-24
0.989429412161	2 3 4 6 7 	(1, 7, 6, 5, 14)	3.50514093495e-24
0.989429412161	1 3 4 5 6 7 	(1, 7, 5, 1, 5, 13)	3.50514093495e-24
0.989412101815	1 3 4 5 6 7 	(2, 10, 6, 2, 7, 18)	3.58306646136e-24
0.989409105662	1 3 4 5 6 7 	(1, 8, 6, 1, 6, 17)	3.59671578483e-24
0.989409105662	2 3 4 6 7 	(1, 8, 7, 6, 18)	3.59671578483e-24
0.989376114925	1 3 4 5 6 7 	(1, 5, 3, 1, 3, 9)	3.75022389279e-24
0.989376114925	2 3 4 6 7 	(1, 5, 4, 3, 10)	3.75022389279e-24
0.989376114925	1 3 4 5 6 7 	(2, 10, 6, 2, 6, 18)	3.75022389279e-24
0.989369160338	1 3 4 5 6 7 	(2, 9, 6, 1, 6, 17)	3.78334801797e-24
0.989369160338	1 2 3 4 6 7 	(1, 1, 9, 7, 6, 18)	3.78334801797e-24
0.989365865002	1 3 4 5 6 7 	(1, 7, 5, 1, 6, 15)	3.79913776849e-24
0.989365865002	2 3 4 6 7 	(1, 7, 6, 6, 16)	3.79913776849e-24
0.989359562375	1 3 4 5 6 7 	(1, 6, 5, 1, 5, 13)	3.82950704058e-24
0.989359562375	2 3 4 6 7 	(1, 6, 6, 5, 14)	3.82950704058e-24
0.98934860683	1 3 4 5 6 7 	(2, 10, 6, 1, 6, 18)	3.88283157894e-24
0.989333553735	2 3 4 6 7 	(1, 8, 8, 6, 18)	3.95722132458e-24
0.989333553735	1 3 4 5 6 7 	(1, 8, 7, 1, 6, 17)	3.95722132458e-24
0.989286957622	2 3 4 6 7 	(1, 8, 6, 6, 16)	4.19593271845e-24
0.989286957622	1 3 4 5 6 7 	(1, 8, 5, 1, 6, 15)	4.19593271845e-24
0.9892845502	1 3 4 5 6 7 	(1, 8, 7, 1, 8, 18)	4.20862059111e-24
0.98926916745	1 3 4 5 6 7 	(1, 7, 5, 1, 4, 13)	4.29053429383e-24
0.98926916745	2 3 4 6 7 	(1, 7, 6, 4, 14)	4.29053429383e-24
0.989261613398	1 3 4 5 6 7 	(1, 9, 7, 1, 6, 17)	4.33129766615e-24
0.989261613398	2 3 4 6 7 	(1, 9, 8, 6, 18)	4.33129766615e-24
0.989256241633	1 3 4 5 6 7 	(1, 9, 6, 1, 6, 18)	4.36050260865e-24
0.989255560635	2 3 4 6 7 	(1, 8, 7, 5, 17)	4.36421800623e-24
0.989255560635	1 3 4 5 6 7 	(1, 8, 6, 1, 5, 16)	4.36421800623e-24
0.989223675808	2 3 4 6 7 	(1, 7, 7, 7, 17)	4.54149117896e-24
0.989223675808	1 3 4 5 6 7 	(1, 7, 6, 1, 7, 16)	4.54149117896e-24
0.989206993002	1 2 3 4 5 6 7 	(1, 1, 9, 7, 1, 6, 18)	4.63687679065e-24
0.989206993002	1 3 4 5 6 7 	(2, 9, 6, 2, 6, 17)	4.63687679065e-24
0.989192077736	1 3 4 5 6 7 	(2, 9, 6, 2, 7, 17)	4.72372230462e-24
0.989192077736	1 2 3 4 5 6 7 	(1, 1, 9, 7, 1, 7, 18)	4.72372230462e-24
0.989189664723	1 3 4 5 6 7 	(1, 9, 7, 2, 7, 18)	4.73791290411e-24
0.989184813084	1 3 4 5 6 7 	(1, 8, 5, 1, 6, 16)	4.76656418416e-24
0.989184813084	2 3 4 6 7 	(1, 8, 6, 6, 17)	4.76656418416e-24
0.989178909258	1 2 3 4 5 6 7 	(1, 1, 9, 6, 1, 6, 17)	4.80164534353e-24
0.989178909258	1 3 4 5 6 7 	(2, 9, 5, 2, 6, 16)	4.80164534353e-24
0.989178909258	2 3 4 6 7 	(2, 9, 7, 6, 18)	4.80164534353e-24
0.989170360122	2 3 4 6 7 	(1, 8, 7, 7, 17)	4.8528687971e-24
0.989170360122	1 3 4 5 6 7 	(1, 8, 6, 1, 7, 16)	4.8528687971e-24
0.989169977052	2 3 4 6 7 	(1, 9, 7, 5, 17)	4.85517580807e-24
0.989169977052	1 3 4 5 6 7 	(1, 9, 6, 1, 5, 16)	4.85517580807e-24
0.98915274464	1 2 3 4 6 7 	(1, 1, 9, 6, 6, 18)	4.9600126293e-24
0.98915274464	1 3 4 5 6 7 	(2, 9, 5, 1, 6, 17)	4.9600126293e-24
0.989141530132	1 3 4 5 6 7 	(2, 8, 5, 1, 6, 16)	5.02935916488e-24
0.989141530132	1 2 3 4 6 7 	(1, 1, 8, 6, 6, 17)	5.02935916488e-24
0.989133016039	2 3 4 6 7 	(1, 7, 5, 5, 14)	5.08260514261e-24
0.989133016039	1 3 4 5 6 7 	(1, 7, 4, 1, 5, 13)	5.08260514261e-24
0.98913289152	1 3 4 5 6 7 	(2, 9, 6, 2, 7, 18)	5.08338772258e-24
0.989122690658	1 3 4 5 6 7 	(1, 10, 7, 1, 6, 18)	5.14787835895e-24
0.98910473917	2 3 4 6 7 	(1, 7, 5, 4, 13)	5.26321053793e-24
0.98910473917	1 3 4 5 6 7 	(1, 7, 4, 1, 4, 12)	5.26321053793e-24
0.989098643249	1 3 4 5 6 7 	(1, 9, 6, 1, 7, 17)	5.30291533235e-24
0.989098643249	2 3 4 6 7 	(1, 9, 7, 7, 18)	5.30291533235e-24
0.989092405192	2 3 4 6 7 	(1, 8, 6, 5, 15)	5.34383265542e-24
0.989092405192	1 3 4 5 6 7 	(1, 8, 5, 1, 5, 14)	5.34383265542e-24
0.98909019596	1 3 4 5 6 7 	(1, 10, 6, 1, 6, 18)	5.35839358948e-24
0.989044536175	1 2 3 4 5 6 7 	(1, 1, 10, 7, 1, 6, 18)	5.66767872242e-24
0.989044536175	1 3 4 5 6 7 	(2, 10, 6, 2, 6, 17)	5.66767872242e-24
0.989024081155	1 3 4 5 6 7 	(2, 9, 6, 1, 6, 18)	5.81152184388e-24
0.989023921393	1 3 4 5 6 7 	(1, 9, 6, 1, 5, 17)	5.81265849052e-24
0.989023921393	2 3 4 6 7 	(1, 9, 7, 5, 18)	5.81265849052e-24
0.989001454296	1 3 4 5 6 7 	(1, 6, 4, 1, 4, 12)	5.97456788227e-24
0.989001454296	2 3 4 6 7 	(1, 6, 5, 4, 13)	5.97456788227e-24
0.989001454102	1 3 4 5 6 7 	(1, 5, 4, 1, 4, 10)	5.9745692959e-24
0.989001454102	2 3 4 6 7 	(1, 5, 5, 4, 11)	5.9745692959e-24
0.988979459505	1 3 4 5 6 7 	(2, 9, 5, 1, 6, 16)	6.13710652963e-24
0.988979459505	1 2 3 4 6 7 	(1, 1, 9, 6, 6, 17)	6.13710652963e-24
0.988972112305	1 2 3 4 6 7 	(1, 1, 8, 7, 7, 18)	6.1923064967e-24
0.988972112305	1 3 4 5 6 7 	(2, 8, 6, 1, 7, 17)	6.1923064967e-24
0.988957090055	1 2 3 4 6 7 	(1, 1, 8, 6, 6, 16)	6.30660221337e-24
0.988957090055	1 3 4 5 6 7 	(2, 8, 5, 1, 6, 15)	6.30660221337e-24
