Pearson_cc	cycle_cover	cycle_abundance	P-value
0.990062080587	1 3 4 5 6 7 	(1, 8, 6, 1, 16, 6)	1.5291920931e-24
0.989922276181	1 3 4 5 6 7 	(1, 7, 5, 1, 14, 5)	1.84506396762e-24
0.989922276181	2 3 4 6 7 	(1, 7, 6, 15, 5)	1.84506396762e-24
0.989745003125	1 3 4 5 6 7 	(1, 6, 4, 1, 11, 4)	2.33237298112e-24
0.989745003125	2 3 4 6 7 	(1, 6, 5, 12, 4)	2.33237298112e-24
0.989596180952	1 3 4 5 6 7 	(1, 7, 6, 1, 15, 6)	2.83069559292e-24
0.989596180952	2 3 4 6 7 	(1, 7, 7, 16, 6)	2.83069559292e-24
0.989556021229	2 3 4 6 7 	(1, 8, 6, 16, 5)	2.98111879169e-24
0.989556021229	1 3 4 5 6 7 	(1, 8, 5, 1, 15, 5)	2.98111879169e-24
0.989541332794	1 3 4 5 6 7 	(1, 6, 4, 1, 12, 5)	3.03795893989e-24
0.989541332794	2 3 4 6 7 	(1, 6, 5, 13, 5)	3.03795893989e-24
0.989502683819	1 3 4 5 6 7 	(1, 7, 5, 1, 14, 6)	3.19234552113e-24
0.989502683819	2 3 4 6 7 	(1, 7, 6, 15, 6)	3.19234552113e-24
0.989441915841	2 3 4 6 7 	(1, 8, 7, 16, 5)	3.44983211952e-24
0.989441915841	1 3 4 5 6 7 	(1, 8, 6, 1, 15, 5)	3.44983211952e-24
0.989429412161	1 3 4 5 6 7 	(1, 7, 5, 1, 13, 5)	3.50514093495e-24
0.989429412161	2 3 4 6 7 	(1, 7, 6, 14, 5)	3.50514093495e-24
0.989376114925	2 3 4 6 7 	(1, 5, 4, 10, 3)	3.75022389279e-24
0.989376114925	1 3 4 5 6 7 	(1, 5, 3, 1, 9, 3)	3.75022389279e-24
0.989365865002	2 3 4 6 7 	(1, 7, 6, 16, 6)	3.79913776849e-24
0.989365865002	1 3 4 5 6 7 	(1, 7, 5, 1, 15, 6)	3.79913776849e-24
0.989359562375	1 3 4 5 6 7 	(1, 6, 5, 1, 13, 5)	3.82950704058e-24
0.989359562375	2 3 4 6 7 	(1, 6, 6, 14, 5)	3.82950704058e-24
0.989286957622	1 3 4 5 6 7 	(1, 8, 5, 1, 15, 6)	4.19593271845e-24
0.989286957622	2 3 4 6 7 	(1, 8, 6, 16, 6)	4.19593271845e-24
0.98926916745	1 3 4 5 6 7 	(1, 7, 5, 1, 13, 4)	4.29053429383e-24
0.98926916745	2 3 4 6 7 	(1, 7, 6, 14, 4)	4.29053429383e-24
0.989255560635	1 3 4 5 6 7 	(1, 8, 6, 1, 16, 5)	4.36421800623e-24
0.989223675808	1 3 4 5 6 7 	(1, 7, 6, 1, 16, 7)	4.54149117896e-24
0.989184813084	1 3 4 5 6 7 	(1, 8, 5, 1, 16, 6)	4.76656418416e-24
0.989178909258	1 3 4 5 6 7 	(2, 9, 5, 2, 16, 6)	4.80164534353e-24
0.989170360122	1 3 4 5 6 7 	(1, 8, 6, 1, 16, 7)	4.8528687971e-24
0.989169977052	1 3 4 5 6 7 	(1, 9, 6, 1, 16, 5)	4.85517580807e-24
0.989141530132	1 3 4 5 6 7 	(2, 8, 5, 1, 16, 6)	5.02935916488e-24
0.989133016039	1 3 4 5 6 7 	(1, 7, 4, 1, 13, 5)	5.08260514261e-24
0.989133016039	2 3 4 6 7 	(1, 7, 5, 14, 5)	5.08260514261e-24
0.98910473917	1 3 4 5 6 7 	(1, 7, 4, 1, 12, 4)	5.26321053793e-24
0.98910473917	2 3 4 6 7 	(1, 7, 5, 13, 4)	5.26321053793e-24
0.989092405192	1 3 4 5 6 7 	(1, 8, 5, 1, 14, 5)	5.34383265542e-24
0.989092405192	2 3 4 6 7 	(1, 8, 6, 15, 5)	5.34383265542e-24
0.989001454296	1 3 4 5 6 7 	(1, 6, 4, 1, 12, 4)	5.97456788227e-24
0.989001454296	2 3 4 6 7 	(1, 6, 5, 13, 4)	5.97456788227e-24
0.989001454102	2 3 4 6 7 	(1, 5, 5, 11, 4)	5.9745692959e-24
0.989001454102	1 3 4 5 6 7 	(1, 5, 4, 1, 10, 4)	5.9745692959e-24
0.988979459505	1 3 4 5 6 7 	(2, 9, 5, 1, 16, 6)	6.13710652963e-24
0.988957090055	1 2 3 4 6 7 	(1, 1, 8, 6, 16, 6)	6.30660221337e-24
0.988957090055	1 3 4 5 6 7 	(2, 8, 5, 1, 15, 6)	6.30660221337e-24
0.988943471944	2 3 4 6 7 	(1, 7, 7, 15, 5)	6.4118982237e-24
0.988943471944	1 3 4 5 6 7 	(1, 7, 6, 1, 14, 5)	6.4118982237e-24
0.988941704182	1 2 3 4 5 6 7 	(1, 1, 8, 6, 1, 16, 6)	6.4256852978e-24
0.988941704182	1 3 4 5 6 7 	(2, 8, 5, 2, 15, 6)	6.4256852978e-24
0.988929300175	1 3 4 5 6 7 	(2, 8, 5, 1, 15, 5)	6.52320041095e-24
0.988929300175	1 2 3 4 6 7 	(1, 1, 8, 6, 16, 5)	6.52320041095e-24
0.98892447584	2 3 4 6 7 	(1, 8, 7, 16, 6)	6.561495754e-24
0.98892447584	1 3 4 5 6 7 	(1, 8, 6, 1, 15, 6)	6.561495754e-24
0.988885917232	1 3 4 5 6 7 	(1, 7, 6, 1, 16, 6)	6.87513124535e-24
0.988872832535	1 3 4 5 6 7 	(2, 9, 5, 1, 16, 5)	6.98467544812e-24
0.98883947923	1 3 4 5 6 7 	(2, 9, 6, 2, 16, 6)	7.27125390105e-24
0.988834601591	1 3 4 5 6 7 	(2, 9, 5, 2, 15, 5)	7.31406375144e-24
0.988834601591	1 2 3 4 5 6 7 	(1, 1, 9, 6, 1, 16, 5)	7.31406375144e-24
0.988830674735	2 3 4 6 7 	(1, 8, 6, 15, 4)	7.34869811259e-24
0.988830674735	1 3 4 5 6 7 	(1, 8, 5, 1, 14, 4)	7.34869811259e-24
0.988813585547	1 3 4 5 6 7 	(1, 6, 5, 1, 13, 6)	7.50119693194e-24
0.988813585547	2 3 4 6 7 	(1, 6, 6, 14, 6)	7.50119693194e-24
0.988801306694	1 3 4 5 6 7 	(1, 8, 7, 1, 16, 6)	7.61257165267e-24
0.988790828065	1 3 4 5 6 7 	(1, 9, 6, 1, 16, 6)	7.70882539045e-24
0.988784692506	1 3 4 5 6 7 	(1, 8, 6, 2, 16, 6)	7.76570631848e-24
0.988771002046	1 3 4 5 6 7 	(1, 6, 5, 1, 12, 5)	7.89402919516e-24
0.988771002046	2 3 4 6 7 	(1, 6, 6, 13, 5)	7.89402919516e-24
0.988752002543	1 3 4 5 6 7 	(1, 7, 6, 1, 15, 5)	8.07536696077e-24
0.988752002543	2 3 4 6 7 	(1, 7, 7, 16, 5)	8.07536696077e-24
0.988747691302	2 3 4 6 7 	(1, 5, 4, 11, 4)	8.1170478214e-24
0.988747691302	1 3 4 5 6 7 	(1, 5, 3, 1, 10, 4)	8.1170478214e-24
0.988728411638	1 3 4 5 6 7 	(2, 8, 5, 1, 16, 7)	8.3058894076e-24
0.988721268822	1 3 4 5 6 7 	(1, 9, 6, 2, 16, 6)	8.37687817472e-24
0.98870604226	1 3 4 5 6 7 	(2, 8, 6, 1, 16, 6)	8.53008481954e-24
0.988703749826	2 3 4 6 7 	(1, 5, 5, 12, 5)	8.5533740826e-24
0.988703749826	1 3 4 5 6 7 	(1, 5, 4, 1, 11, 5)	8.5533740826e-24
0.988688228577	2 3 4 6 7 	(1, 6, 6, 15, 6)	8.71261151079e-24
0.988688228577	1 3 4 5 6 7 	(1, 6, 5, 1, 14, 6)	8.71261151079e-24
0.988671414508	1 3 4 5 6 7 	(1, 6, 5, 1, 12, 4)	8.88820438009e-24
0.988671414508	2 3 4 6 7 	(1, 6, 6, 13, 4)	8.88820438009e-24
0.988663941389	1 2 3 4 6 7 	(1, 1, 7, 5, 14, 5)	8.96729384912e-24
0.988663941389	1 3 4 5 6 7 	(2, 7, 4, 1, 13, 5)	8.96729384912e-24
0.988630057156	2 3 4 6 7 	(2, 8, 7, 16, 5)	9.33413387865e-24
0.988630057156	1 2 3 4 5 6 7 	(1, 1, 8, 6, 1, 15, 5)	9.33413387865e-24
0.988630057156	1 3 4 5 6 7 	(2, 8, 5, 2, 14, 5)	9.33413387865e-24
0.988622061431	1 3 4 5 6 7 	(2, 8, 4, 1, 14, 5)	9.42269881405e-24
0.988622061431	1 2 3 4 6 7 	(1, 1, 8, 5, 15, 5)	9.42269881405e-24
0.988620529975	1 3 4 5 6 7 	(1, 8, 6, 2, 15, 6)	9.43975050036e-24
0.988620529975	2 3 4 5 6 7 	(1, 8, 7, 1, 16, 6)	9.43975050036e-24
0.988556163599	1 3 4 5 6 7 	(1, 9, 5, 1, 16, 5)	1.01827877602e-23
0.988554494831	1 3 4 5 6 7 	(1, 7, 5, 1, 15, 7)	1.02027523244e-23
0.988554494831	2 3 4 6 7 	(1, 7, 6, 16, 7)	1.02027523244e-23
0.98855071477	2 3 4 6 7 	(1, 7, 7, 16, 7)	1.0248109677e-23
0.98855071477	1 3 4 5 6 7 	(1, 7, 6, 1, 15, 7)	1.0248109677e-23
0.98854555267	1 3 4 5 6 7 	(1, 8, 5, 1, 16, 7)	1.03103516406e-23
0.988543613288	1 3 4 5 6 7 	(1, 9, 6, 2, 16, 5)	1.03338259632e-23
0.988515504229	1 3 4 5 6 7 	(1, 7, 4, 1, 13, 4)	1.06796582497e-23
0.988515504229	2 3 4 6 7 	(1, 7, 5, 14, 4)	1.06796582497e-23
