Pearson_cc	cycle_cover	cycle_abundance	P-value
0.993714113791	2 3 4 6 7 	(1, 2, 2, 5, 2)	3.22242931498e-27
0.993714113791	1 3 4 5 6 7 	(1, 2, 1, 1, 4, 2)	3.22242931498e-27
0.993454486402	1 3 4 5 6 7 	(2, 3, 1, 2, 5, 3)	5.55671118004e-27
0.992074393843	1 3 4 5 6 7 	(1, 2, 2, 1, 5, 3)	7.29486449098e-26
0.991434448876	1 3 4 5 6 7 	(2, 3, 1, 2, 4, 2)	2.07325268129e-25
0.991434448876	1 2 3 4 5 6 7 	(1, 1, 3, 2, 1, 5, 2)	2.07325268129e-25
0.991087651442	1 3 4 5 6 7 	(1, 2, 1, 1, 3, 1)	3.53565552368e-25
0.991087651442	2 3 4 6 7 	(1, 2, 2, 4, 1)	3.53565552368e-25
0.990770226673	1 3 4 5 6 7 	(2, 4, 1, 2, 5, 2)	5.66042874809e-25
0.989982758593	1 3 4 5 6 7 	(2, 3, 2, 2, 5, 3)	1.70165587592e-24
0.989721771117	1 3 4 5 6 7 	(2, 3, 1, 1, 5, 2)	2.40439701841e-24
0.989698725153	1 3 4 5 6 7 	(2, 3, 1, 2, 5, 2)	2.47787270211e-24
0.989256874347	1 3 4 5 6 7 	(1, 3, 2, 1, 5, 2)	4.35705325669e-24
0.988288301038	1 3 4 5 6 7 	(2, 3, 1, 1, 5, 3)	1.38943364967e-23
0.988230715798	1 3 4 5 6 7 	(1, 2, 2, 1, 4, 2)	1.48405005459e-23
0.988230715798	2 3 4 6 7 	(1, 2, 3, 5, 2)	1.48405005459e-23
0.987912725276	1 3 4 5 6 7 	(2, 3, 2, 2, 5, 2)	2.12299187516e-23
0.987476264948	1 3 4 5 6 7 	(3, 4, 1, 3, 5, 3)	3.41832451584e-23
0.987440047613	1 3 4 5 6 7 	(1, 2, 2, 1, 5, 2)	3.55346383509e-23
0.987201751577	1 3 4 5 6 7 	(1, 3, 1, 1, 5, 2)	4.57341533211e-23
0.986913264308	1 3 4 5 6 7 	(1, 3, 2, 2, 5, 2)	6.16876404794e-23
0.986793883076	1 3 4 5 6 7 	(1, 3, 2, 2, 5, 3)	6.96844865196e-23
0.98653717349	2 3 4 6 7 	(1, 2, 2, 4, 2)	9.02315747634e-23
0.98653717349	1 3 4 5 6 7 	(1, 2, 1, 1, 3, 2)	9.02315747634e-23
0.986473752834	1 3 4 5 6 7 	(1, 2, 1, 1, 5, 3)	9.61062760338e-23
0.986444717507	1 3 4 5 6 7 	(2, 3, 2, 3, 5, 3)	9.8912199241e-23
0.986112596629	1 3 4 5 6 7 	(1, 2, 1, 1, 4, 3)	1.36874924059e-22
0.986112596629	2 3 4 6 7 	(1, 2, 2, 5, 3)	1.36874924059e-22
0.985708321899	1 3 4 5 6 7 	(2, 4, 1, 2, 5, 3)	2.01157038952e-22
0.985627637119	1 3 4 5 6 7 	(1, 2, 2, 2, 5, 3)	2.16938603029e-22
0.985600258718	2 3 4 6 7 	(1, 1, 2, 4, 2)	2.22548753523e-22
0.985600258718	1 3 4 5 6 7 	(1, 1, 1, 1, 3, 2)	2.22548753523e-22
0.985509866965	1 3 4 5 6 7 	(2, 3, 1, 2, 5, 4)	2.42038247943e-22
0.985396503268	1 3 4 5 6 7 	(2, 4, 1, 3, 5, 2)	2.68711478319e-22
0.985385393739	1 3 4 5 6 7 	(2, 4, 1, 3, 5, 3)	2.71466655108e-22
0.985370149451	1 3 4 5 6 7 	(3, 4, 1, 3, 5, 2)	2.75289797767e-22
0.985367426378	1 3 4 5 6 7 	(2, 2, 1, 2, 4, 3)	2.75977942532e-22
0.985367426378	1 2 3 4 5 6 7 	(1, 1, 2, 2, 1, 5, 3)	2.75977942532e-22
0.985109255152	1 3 4 5 6 7 	(2, 4, 2, 2, 5, 2)	3.48947170407e-22
0.985108859964	1 3 4 5 6 7 	(2, 4, 2, 3, 5, 2)	3.49071403671e-22
0.984864766391	1 3 4 5 6 7 	(2, 2, 1, 1, 5, 3)	4.34129457245e-22
0.984345922968	1 3 4 5 6 7 	(2, 3, 1, 3, 5, 3)	6.82207817411e-22
0.984216201569	1 3 4 5 6 7 	(2, 3, 1, 2, 4, 3)	7.62028805841e-22
0.984216201569	1 2 3 4 5 6 7 	(1, 1, 3, 2, 1, 5, 3)	7.62028805841e-22
0.984172147996	1 3 4 5 6 7 	(2, 4, 2, 3, 5, 3)	7.91043595794e-22
0.984088145081	1 3 4 5 6 7 	(1, 3, 2, 1, 5, 3)	8.49221221745e-22
0.983924136512	1 3 4 5 6 7 	(2, 2, 2, 2, 5, 4)	9.74373963486e-22
0.983763908431	1 3 4 5 6 7 	(2, 2, 2, 2, 5, 3)	1.11292222844e-21
0.983757921947	1 3 4 5 6 7 	(1, 2, 2, 1, 5, 4)	1.11843550551e-21
0.983538822986	1 2 3 4 5 6 7 	(1, 1, 3, 1, 1, 5, 2)	1.33848553558e-21
0.983538822986	1 3 5 6 7 	(2, 3, 2, 4, 2)	1.33848553558e-21
0.983498456841	1 3 4 5 6 7 	(2, 3, 2, 3, 5, 4)	1.38315398589e-21
0.983465221891	1 3 4 5 6 7 	(1, 3, 1, 1, 4, 1)	1.42096174232e-21
0.983465221891	2 3 4 6 7 	(1, 3, 2, 5, 1)	1.42096174232e-21
0.983342635052	1 3 4 5 6 7 	(1, 2, 2, 2, 5, 4)	1.56883534082e-21
0.983177762761	1 3 4 5 6 7 	(2, 2, 1, 2, 5, 4)	1.79020690846e-21
0.983177141827	1 3 4 5 6 7 	(2, 4, 1, 2, 5, 1)	1.79109266348e-21
0.983122196718	1 3 4 5 6 7 	(1, 3, 1, 1, 5, 3)	1.87109576462e-21
0.982989462805	1 3 5 6 7 	(3, 4, 3, 5, 3)	2.07819608014e-21
0.982932025931	1 3 4 5 6 7 	(3, 5, 1, 3, 5, 2)	2.17422026166e-21
0.982920776203	1 3 4 5 6 7 	(1, 2, 2, 2, 4, 2)	2.19350175219e-21
0.982920776203	2 3 4 5 6 7 	(1, 2, 3, 1, 5, 2)	2.19350175219e-21
0.982897842198	1 3 4 5 6 7 	(1, 2, 2, 2, 4, 3)	2.23330027796e-21
0.982897842198	2 3 4 5 6 7 	(1, 2, 3, 1, 5, 3)	2.23330027796e-21
0.982858497926	1 3 4 5 6 7 	(3, 4, 1, 2, 5, 2)	2.30313545462e-21
0.982638809594	1 3 4 5 6 7 	(3, 3, 1, 2, 5, 3)	2.73164014436e-21
0.982601254034	2 3 4 5 6 7 	(1, 3, 2, 1, 5, 2)	2.81188064186e-21
0.982601254034	1 3 4 5 6 7 	(1, 3, 1, 2, 4, 2)	2.81188064186e-21
0.982498367659	1 3 4 5 6 7 	(2, 3, 2, 2, 5, 4)	3.04300795005e-21
0.982359024509	2 3 4 6 7 	(1, 3, 2, 5, 2)	3.38409657989e-21
0.982359024509	1 3 4 5 6 7 	(1, 3, 1, 1, 4, 2)	3.38409657989e-21
0.982331437328	1 3 4 5 6 7 	(2, 3, 1, 3, 5, 4)	3.4556831935e-21
0.982227818816	1 3 4 5 6 7 	(3, 4, 1, 4, 5, 3)	3.7372607697e-21
0.982222291603	1 3 4 5 6 7 	(1, 2, 1, 2, 3, 2)	3.75286072517e-21
0.982222291603	2 3 4 5 6 7 	(1, 2, 2, 1, 4, 2)	3.75286072517e-21
0.982142225105	1 3 4 5 6 7 	(2, 3, 1, 3, 4, 2)	3.98570039742e-21
0.982142225105	1 2 3 4 5 6 7 	(1, 1, 3, 2, 2, 5, 2)	3.98570039742e-21
0.982141322877	1 3 4 5 6 7 	(2, 3, 1, 3, 4, 3)	3.98839863792e-21
0.982141322877	1 2 3 4 5 6 7 	(1, 1, 3, 2, 2, 5, 3)	3.98839863792e-21
0.982071243696	1 3 4 5 6 7 	(3, 3, 1, 3, 5, 4)	4.20321801191e-21
0.981744454957	1 3 4 5 6 7 	(3, 3, 1, 3, 5, 3)	5.3536760786e-21
0.981593429574	1 3 4 5 6 7 	(2, 3, 2, 1, 5, 2)	5.97821199878e-21
0.981579375751	1 3 4 5 6 7 	(2, 3, 1, 2, 4, 1)	6.03962966351e-21
0.981579375751	1 2 3 4 5 6 7 	(1, 1, 3, 2, 1, 5, 1)	6.03962966351e-21
0.981456480086	1 3 4 5 6 7 	(1, 2, 3, 2, 5, 3)	6.60211238095e-21
0.981422144781	1 3 4 5 6 7 	(1, 3, 1, 2, 5, 3)	6.76770336597e-21
0.981315083655	1 3 4 5 6 7 	(1, 1, 2, 1, 4, 3)	7.30901584266e-21
0.981315083655	2 3 4 6 7 	(1, 1, 3, 5, 3)	7.30901584266e-21
0.98124941615	1 3 4 5 6 7 	(1, 2, 3, 1, 5, 3)	7.66056285049e-21
0.98124222659	1 3 4 5 6 7 	(1, 3, 2, 2, 4, 2)	7.69998674086e-21
0.98124222659	2 3 4 5 6 7 	(1, 3, 3, 1, 5, 2)	7.69998674086e-21
0.98121974979	1 3 4 5 6 7 	(3, 4, 1, 2, 5, 3)	7.82445145536e-21
0.981210158898	1 3 4 5 6 7 	(2, 2, 2, 1, 5, 3)	7.87812489481e-21
0.981167924519	1 3 4 5 6 7 	(2, 2, 1, 2, 5, 3)	8.11855621823e-21
0.980991457896	1 3 4 5 6 7 	(1, 2, 2, 1, 4, 3)	9.19840473419e-21
0.980991457896	2 3 4 6 7 	(1, 2, 3, 5, 3)	9.19840473419e-21
0.980907452685	1 3 4 5 6 7 	(3, 5, 1, 4, 5, 2)	9.75779804993e-21
0.980828999002	1 3 4 5 6 7 	(2, 2, 1, 1, 5, 4)	1.03084702758e-20
0.980823123287	1 3 4 5 6 7 	(3, 4, 1, 3, 5, 4)	1.0350847601e-20
0.980672703067	2 3 4 5 6 7 	(1, 2, 2, 1, 5, 3)	1.14921507339e-20
