Pearson_cc	cycle_cover	cycle_abundance	P-value
0.974943610194	1 3 5 6 7 	(1, 2, 1, 2, 1)	3.69717546694e-19
0.973111394953	1 3 4 5 6 7 	(1, 1, 1, 1, 2, 1)	9.48327405601e-19
0.969729358171	1 3 4 5 6 7 	(1, 2, 1, 2, 2, 1)	4.60175021986e-18
0.96956676788	1 3 4 5 6 7 	(1, 1, 1, 1, 2, 2)	4.94212427181e-18
0.965373573236	1 3 4 5 6 7 	(1, 2, 1, 1, 2, 1)	2.75402458889e-17
0.964641158269	1 3 5 6 7 	(1, 1, 1, 2, 2)	3.6375399003e-17
0.962408653178	1 3 4 5 6 7 	(1, 1, 1, 2, 2, 2)	8.20421629327e-17
0.959908056551	1 3 4 5 6 7 	(1, 2, 1, 2, 2, 2)	1.92837984111e-16
0.959477016386	1 3 5 6 7 	(1, 1, 1, 1, 1)	2.22219297218e-16
0.959477016386	2 3 4 6 7 	(1, 1, 1, 2, 1)	2.22219297218e-16
0.959477016386	1 3 5 6 7 	(2, 2, 2, 2, 2)	2.22219297218e-16
0.958878443867	1 3 5 6 7 	(2, 2, 2, 2, 1)	2.6990516461e-16
0.957911478997	1 3 5 6 7 	(1, 1, 1, 2, 1)	3.67276155828e-16
0.957485161209	1 3 5 6 7 	(1, 2, 2, 2, 1)	4.19742309064e-16
0.953081999	1 3 4 5 6 	(1, 2, 1, 1, 2)	1.54674420863e-15
0.951254516728	1 3 5 6 7 	(1, 2, 2, 2, 2)	2.56290213145e-15
0.950475481468	1 3 5 6 	(1, 2, 1, 2)	3.15994333157e-15
0.947968597791	1 3 4 5 6 7 	(2, 2, 1, 2, 2, 2)	6.06332354784e-15
0.947464402326	1 3 4 5 6 7 	(2, 2, 1, 2, 2, 1)	6.88567682492e-15
0.946453592243	1 3 4 5 6 7 	(1, 1, 2, 2, 2, 2)	8.85250642813e-15
0.945648525505	1 3 4 5 6 7 	(1, 2, 2, 2, 2, 1)	1.07764509567e-14
0.945325179948	1 3 4 5 6 7 	(1, 1, 1, 2, 2, 1)	1.16523901997e-14
0.944628259478	1 3 4 5 6 	(1, 2, 1, 2, 2)	1.37680107333e-14
0.941790419634	1 3 5 6 7 	(1, 2, 1, 2, 2)	2.65797720975e-14
0.940876397213	1 3 4 5 6 7 	(1, 2, 2, 2, 2, 2)	3.26232377e-14
0.940402021826	1 3 4 5 6 7 	(1, 2, 1, 1, 2, 2)	3.62367949941e-14
0.937513838413	1 3 5 6 7 	(1, 1, 2, 2, 2)	6.74693341128e-14
0.93555512988	1 3 5 6 7 	(2, 2, 1, 2, 1)	1.01152253477e-13
0.93322112375	1 3 4 5 6 7 	(1, 1, 2, 2, 2, 1)	1.61245500276e-13
0.933139151134	1 3 4 5 6 7 	(1, 1, 2, 1, 2, 2)	1.6385764848e-13
0.932810662218	1 3 4 5 6 7 	(2, 1, 1, 2, 2, 2)	1.74721297448e-13
0.929609239961	1 3 4 5 6 7 	(1, 1, 1, 2, 1, 1)	3.21299618855e-13
0.929609239961	2 3 4 5 6 7 	(1, 1, 2, 1, 2, 1)	3.21299618855e-13
0.928661116352	1 3 4 5 6 7 	(1, 1, 2, 1, 2, 1)	3.82720004005e-13
0.928532137511	1 3 5 6 7 	(1, 2, 2, 1, 1)	3.91863863381e-13
0.928532137511	2 3 4 5 6 7 	(1, 2, 1, 1, 2, 1)	3.91863863381e-13
0.926819035348	1 3 5 6 7 	(2, 1, 2, 2, 2)	5.34002426566e-13
0.925525234718	1 3 4 5 6 	(1, 2, 2, 2, 2)	6.71294240676e-13
0.923197698726	1 3 5 6 7 	(2, 2, 1, 2, 2)	1.00290061205e-12
0.92311932094	1 3 4 5 6 7 	(1, 1, 1, 2, 1, 2)	1.01632618494e-12
0.92311932094	2 3 4 5 6 7 	(1, 1, 2, 1, 2, 2)	1.01632618494e-12
0.922898365245	1 3 4 5 6 7 	(1, 2, 2, 1, 2, 1)	1.05507005483e-12
0.922204794251	2 3 4 5 6 7 	(1, 2, 2, 1, 2, 1)	1.1856917281e-12
0.922204794251	1 3 4 5 6 7 	(1, 2, 1, 2, 1, 1)	1.1856917281e-12
0.919717399147	2 3 4 5 6 7 	(1, 1, 1, 1, 2, 1)	1.78643124141e-12
0.919717399147	1 3 5 6 7 	(1, 1, 2, 1, 1)	1.78643124141e-12
0.919237248165	2 3 4 5 6 	(1, 2, 1, 1, 2)	1.9305858359e-12
0.919237248165	1 3 5 6 	(1, 2, 2, 1)	1.9305858359e-12
0.918701617845	2 3 4 5 6 7 	(1, 2, 2, 2, 2, 1)	2.10397896215e-12
0.917978430532	1 3 4 5 6 7 	(1, 1, 1, 1, 1, 1)	2.36085484604e-12
0.917978430532	1 3 4 5 6 7 	(2, 2, 2, 2, 2, 2)	2.36085484604e-12
0.917978430532	2 3 4 6 7 	(1, 1, 2, 2, 1)	2.36085484604e-12
0.916711340259	2 3 4 5 6 	(1, 2, 2, 1, 2)	2.88155625967e-12
0.916711340259	1 3 4 5 6 	(1, 2, 1, 2, 1)	2.88155625967e-12
0.916572986725	1 3 5 6 7 	(1, 1, 2, 1, 2)	2.94438983526e-12
0.916572986725	2 3 4 5 6 7 	(1, 1, 1, 1, 2, 2)	2.94438983526e-12
0.916057507011	1 3 5 6 	(1, 2, 1, 1)	3.18975837901e-12
0.916057507011	2 3 4 6 	(1, 2, 1, 2)	3.18975837901e-12
0.915473344729	1 2 3 4 5 6 7 	(1, 1, 2, 1, 2, 2, 1)	3.4904750141e-12
0.914429563738	1 2 3 4 5 6 7 	(1, 1, 2, 1, 2, 2, 2)	4.09355361372e-12
0.914308214025	1 3 5 6 7 	(2, 2, 2, 1, 1)	4.16956176747e-12
0.914308214025	1 2 3 4 5 6 7 	(1, 1, 2, 1, 1, 2, 1)	4.16956176747e-12
0.913365980752	1 3 5 6 	(1, 2, 2, 2)	4.80541571273e-12
0.912553791327	1 3 4 5 6 7 	(2, 2, 2, 2, 2, 1)	5.42383055403e-12
0.912228083475	2 3 4 5 6 7 	(1, 2, 2, 2, 2, 2)	5.6917681601e-12
0.912125652809	1 3 4 5 6 7 	(1, 2, 2, 1, 2, 2)	5.77851368163e-12
0.911584486949	1 3 5 6 7 	(2, 1, 1, 2, 2)	6.25733584442e-12
0.911072602239	2 3 4 5 6 7 	(1, 1, 2, 2, 2, 2)	6.74356576795e-12
0.908911274492	1 3 4 5 6 7 	(2, 2, 1, 1, 2, 1)	9.20439986679e-12
0.908353928269	1 3 4 5 6 7 	(2, 1, 2, 2, 2, 2)	9.96076863616e-12
0.908313063282	1 2 3 4 5 6 7 	(1, 1, 2, 2, 2, 2, 1)	1.00184141114e-11
0.908242059736	1 2 3 4 5 6 7 	(1, 1, 2, 2, 2, 2, 2)	1.01193039091e-11
0.907077634311	1 3 4 5 6 	(2, 2, 1, 2, 2)	1.19129154411e-11
0.907059521096	1 3 4 5 6 	(1, 2, 2, 1, 2)	1.19429906351e-11
0.905132126937	1 3 4 5 6 7 	(2, 2, 1, 1, 2, 2)	1.55731282001e-11
0.903867839528	1 3 4 5 6 7 	(2, 1, 1, 1, 2, 2)	1.84782204058e-11
0.903381258403	2 3 4 5 6 7 	(1, 2, 1, 2, 2, 1)	1.9723200923e-11
0.90169436613	1 3 5 6 7 	(1, 1, 2, 2, 1)	2.46606350359e-11
0.900945260885	2 3 4 6 7 	(1, 1, 1, 2, 2)	2.7197760991e-11
0.900945260885	1 3 5 6 7 	(1, 1, 1, 1, 2)	2.7197760991e-11
0.90018665628	2 3 4 5 6 7 	(1, 2, 2, 1, 2, 2)	3.00095138661e-11
0.90018665628	1 3 4 5 6 7 	(1, 2, 1, 2, 1, 2)	3.00095138661e-11
0.90015918778	1 3 4 5 6 	(1, 1, 1, 1, 2)	3.01161625006e-11
0.899891896956	2 3 4 5 6 7 	(1, 2, 1, 2, 2, 2)	3.11722706271e-11
0.899154531035	1 3 4 5 6 7 	(2, 1, 1, 2, 2, 1)	3.42646181383e-11
0.898637028331	1 3 5 6 	(2, 2, 2, 2)	3.66005214569e-11
0.898637028331	2 3 4 6 	(1, 1, 1, 2)	3.66005214569e-11
0.898637028331	1 3 5 6 	(1, 1, 1, 1)	3.66005214569e-11
0.898229385079	2 3 4 5 6 7 	(1, 2, 1, 1, 2, 2)	3.85425575885e-11
0.898229385079	1 3 5 6 7 	(1, 2, 2, 1, 2)	3.85425575885e-11
0.897804385669	2 3 4 5 6 	(1, 2, 2, 2, 2)	4.06676815151e-11
0.89619714445	2 3 4 5 6 7 	(1, 1, 2, 2, 2, 1)	4.97148310812e-11
0.895793152041	1 3 4 5 6 7 	(1, 1, 2, 2, 1, 2)	5.22625104407e-11
0.894295473111	1 3 5 6 7 	(2, 2, 2, 1, 2)	6.27895085764e-11
0.894295473111	1 2 3 4 5 6 7 	(1, 1, 2, 1, 1, 2, 2)	6.27895085764e-11
0.894213464773	1 2 3 4 5 6 7 	(1, 1, 1, 2, 2, 2, 2)	6.341860222e-11
0.894091703341	1 3 5 6 7 	(1, 2, 1, 1, 1)	6.43633255905e-11
0.894091703341	2 3 4 6 7 	(1, 2, 1, 2, 1)	6.43633255905e-11
0.893587030955	1 3 4 5 6 7 	(1, 1, 2, 2, 1, 1)	6.84183731062e-11
0.890381354782	2 3 4 6 7 	(1, 1, 2, 2, 2)	1.00157347419e-10
