Pearson_cc	cycle_cover	cycle_abundance	P-value
0.982428207146	1 3 4 5 6 7 	(1, 3, 1, 1, 4, 1)	3.21056084405e-21
0.978571661094	1 3 4 5 6 7 	(1, 2, 1, 1, 4, 2)	4.57170734687e-20
0.977810851308	1 3 4 5 6 7 	(1, 3, 1, 1, 4, 2)	7.28938597378e-20
0.975837870433	1 3 4 5 6 7 	(1, 2, 1, 1, 3, 1)	2.27551816676e-19
0.975837870433	2 3 4 6 7 	(1, 2, 2, 4, 1)	2.27551816676e-19
0.972719155591	1 3 4 5 6 7 	(1, 2, 2, 1, 4, 2)	1.15043970292e-18
0.972563813593	1 3 4 5 6 7 	(1, 3, 2, 1, 4, 1)	1.24095676764e-18
0.971435702096	1 3 4 5 6 7 	(1, 3, 1, 2, 4, 2)	2.12381977821e-18
0.969371589413	1 3 4 5 6 7 	(1, 3, 2, 2, 4, 2)	5.38139495794e-18
0.968899155073	1 3 4 5 6 7 	(1, 2, 1, 1, 4, 3)	6.59825152791e-18
0.968703804167	1 3 4 5 6 7 	(1, 2, 1, 1, 3, 2)	7.17199082649e-18
0.968703804167	2 3 4 6 7 	(1, 2, 2, 4, 2)	7.17199082649e-18
0.968477378553	1 3 4 5 6 7 	(1, 4, 1, 2, 4, 1)	7.89450645554e-18
0.968174863804	1 3 4 5 6 7 	(1, 3, 2, 1, 4, 2)	8.96493088979e-18
0.967763575184	1 3 4 5 6 7 	(1, 3, 2, 2, 4, 1)	1.0635963024e-17
0.96734869212	1 3 4 5 6 7 	(1, 3, 1, 2, 4, 1)	1.26092222215e-17
0.96698695595	1 3 4 5 6 7 	(1, 4, 1, 1, 4, 1)	1.46001768995e-17
0.96533212472	2 3 4 6 7 	(1, 3, 2, 4, 1)	2.79817807072e-17
0.96533212472	1 3 4 5 6 7 	(1, 3, 1, 1, 3, 1)	2.79817807072e-17
0.964734961899	1 3 4 5 6 7 	(1, 4, 2, 2, 4, 1)	3.51134881121e-17
0.963971591802	1 3 4 5 6 7 	(1, 3, 1, 2, 3, 1)	4.66738713762e-17
0.963971591802	2 3 4 5 6 7 	(1, 3, 2, 1, 4, 1)	4.66738713762e-17
0.963671293804	1 3 4 5 6 7 	(1, 2, 2, 1, 4, 3)	5.21156597078e-17
0.96356210558	1 3 4 5 6 7 	(1, 2, 1, 1, 4, 1)	5.42354115054e-17
0.963183703574	1 3 4 5 6 7 	(1, 2, 2, 1, 4, 1)	6.22132894819e-17
0.962934696863	1 3 4 5 6 7 	(2, 4, 1, 2, 4, 1)	6.80399832455e-17
0.962575877234	1 3 4 5 6 	(1, 4, 1, 1, 4)	7.732631466e-17
0.962544657524	1 3 4 5 6 7 	(1, 4, 1, 2, 4, 2)	7.81872667305e-17
0.962527193712	1 3 4 5 6 7 	(2, 3, 1, 2, 4, 2)	7.86727217492e-17
0.962071055321	1 3 5 6 7 	(1, 3, 1, 4, 2)	9.23822097184e-17
0.962000735165	1 3 4 5 6 7 	(1, 2, 2, 2, 4, 2)	9.46820167157e-17
0.961065129458	1 3 4 5 6 7 	(1, 3, 1, 2, 4, 3)	1.30758598563e-16
0.960905211019	2 3 4 6 	(1, 3, 2, 4)	1.38067335134e-16
0.960905211019	1 3 4 5 6 	(1, 3, 1, 1, 3)	1.38067335134e-16
0.960647744173	1 3 4 5 6 7 	(1, 2, 2, 2, 4, 3)	1.50630922907e-16
0.960267795857	1 3 4 5 6 	(1, 3, 1, 1, 4)	1.71108989533e-16
0.959850067925	1 3 5 6 7 	(1, 3, 1, 4, 1)	1.96570090257e-16
0.959481662138	1 3 4 5 6 7 	(1, 3, 2, 2, 4, 3)	2.21881720313e-16
0.959258704351	1 3 4 5 6 7 	(2, 4, 1, 2, 4, 2)	2.3862791259e-16
0.958979075416	1 3 5 6 7 	(1, 3, 1, 3, 1)	2.61279224315e-16
0.958979075416	2 3 4 6 7 	(1, 3, 1, 4, 1)	2.61279224315e-16
0.958865649958	1 3 4 5 6 7 	(1, 4, 2, 2, 4, 2)	2.71020472284e-16
0.958798508335	1 3 4 5 6 7 	(1, 3, 1, 1, 4, 3)	2.7694360996e-16
0.958691837622	1 3 4 5 6 	(1, 4, 1, 2, 4)	2.86600166491e-16
0.958166019733	1 3 4 5 6 7 	(1, 2, 1, 2, 4, 3)	3.38908625138e-16
0.958113135985	1 3 4 5 6 	(1, 4, 2, 2, 4)	3.44630237354e-16
0.958083707597	1 3 4 5 6 7 	(1, 2, 1, 2, 3, 2)	3.4785264548e-16
0.958083707597	2 3 4 5 6 7 	(1, 2, 2, 1, 4, 2)	3.4785264548e-16
0.957935264905	1 3 5 6 7 	(2, 4, 2, 4, 1)	3.64535339773e-16
0.957323076421	1 3 4 5 6 7 	(2, 4, 1, 3, 4, 2)	4.41443375769e-16
0.957149105969	1 3 4 5 6 7 	(1, 4, 2, 1, 4, 1)	4.65884757882e-16
0.957045792072	1 3 4 5 6 7 	(1, 2, 1, 2, 4, 2)	4.80984492712e-16
0.956881451832	1 3 4 5 6 7 	(1, 4, 2, 3, 4, 1)	5.05936902727e-16
0.956874517188	1 3 4 5 6 	(1, 3, 2, 1, 4)	5.07015628064e-16
0.956693428391	2 3 4 6 7 	(1, 2, 1, 4, 2)	5.35947946649e-16
0.956693428391	1 3 5 6 7 	(1, 2, 1, 3, 2)	5.35947946649e-16
0.95658537803	1 3 4 5 6 7 	(2, 3, 1, 1, 4, 2)	5.53929151764e-16
0.956537958036	1 3 4 5 6 7 	(1, 3, 2, 3, 4, 2)	5.61994991157e-16
0.956458746362	1 3 5 6 7 	(2, 4, 2, 4, 2)	5.75710564052e-16
0.956458746362	2 3 4 6 7 	(1, 2, 1, 3, 1)	5.75710564052e-16
0.956458746362	1 3 5 6 7 	(1, 2, 1, 2, 1)	5.75710564052e-16
0.956191206688	1 3 4 5 6 7 	(1, 4, 2, 3, 4, 2)	6.24352355072e-16
0.955806387614	2 3 4 6 7 	(1, 2, 1, 4, 1)	7.00993443865e-16
0.955806387614	1 3 5 6 7 	(1, 2, 1, 3, 1)	7.00993443865e-16
0.955093156798	1 3 4 5 6 7 	(2, 4, 1, 3, 4, 1)	8.66445782257e-16
0.95505115914	1 3 4 5 6 7 	(1, 3, 1, 2, 3, 2)	8.77230486189e-16
0.95505115914	2 3 4 5 6 7 	(1, 3, 2, 1, 4, 2)	8.77230486189e-16
0.954851187284	1 3 4 5 6 7 	(1, 4, 1, 1, 4, 2)	9.30302028457e-16
0.954765162383	1 3 4 5 6 7 	(2, 3, 1, 2, 4, 3)	9.5403133831e-16
0.954526885215	1 3 4 5 6 7 	(1, 4, 1, 3, 4, 2)	1.02270589441e-15
0.954396789775	1 3 4 5 6 7 	(1, 3, 3, 2, 4, 2)	1.06209876012e-15
0.954175255454	1 3 5 6 7 	(2, 3, 1, 4, 2)	1.13241648888e-15
0.954175025617	1 3 4 5 6 	(1, 4, 2, 1, 4)	1.13249162183e-15
0.95385719782	1 3 4 5 6 7 	(2, 3, 1, 2, 4, 1)	1.24090536951e-15
0.953782611539	1 3 5 6 7 	(2, 3, 2, 4, 2)	1.26769760455e-15
0.953591883002	1 3 4 5 6 7 	(1, 4, 1, 3, 4, 1)	1.33865613681e-15
0.953585508493	1 3 4 5 6 7 	(1, 1, 2, 1, 4, 3)	1.34108979577e-15
0.953461168015	1 3 4 5 6 7 	(2, 3, 1, 1, 4, 1)	1.38938465999e-15
0.953380136392	1 3 5 6 7 	(1, 4, 1, 4, 1)	1.42171634571e-15
0.953145081876	1 3 4 5 6 7 	(1, 3, 2, 3, 4, 3)	1.51947301153e-15
0.953113463459	2 3 4 6 7 	(1, 1, 2, 4, 2)	1.53308593445e-15
0.953113463459	1 3 4 5 6 7 	(1, 1, 1, 1, 3, 2)	1.53308593445e-15
0.952458237557	1 3 4 5 6 7 	(1, 3, 3, 2, 4, 1)	1.84179710093e-15
0.952370555076	1 3 4 5 6 7 	(1, 3, 2, 1, 4, 3)	1.88720355833e-15
0.952141691404	1 3 4 5 6 7 	(1, 3, 2, 2, 3, 1)	2.01063222346e-15
0.952141691404	2 3 4 5 6 7 	(1, 3, 3, 1, 4, 1)	2.01063222346e-15
0.951994022896	2 3 4 6 7 	(1, 2, 3, 4, 1)	2.0941799875e-15
0.951994022896	1 3 4 5 6 7 	(1, 2, 2, 1, 3, 1)	2.0941799875e-15
0.951281963691	1 3 4 5 6 7 	(2, 3, 2, 2, 4, 2)	2.54390403582e-15
0.951170797547	2 3 4 5 6 7 	(1, 2, 2, 1, 4, 1)	2.6216620196e-15
0.951170797547	1 3 4 5 6 7 	(1, 2, 1, 2, 3, 1)	2.6216620196e-15
0.950950370226	1 3 4 5 6 7 	(1, 3, 1, 3, 4, 2)	2.78236953925e-15
0.950893620939	1 3 4 5 6 7 	(2, 4, 2, 3, 4, 2)	2.82518990059e-15
0.950649784702	1 3 4 5 6 	(1, 3, 1, 2, 3)	3.01618665213e-15
0.950649784702	2 3 4 5 6 	(1, 3, 2, 1, 4)	3.01618665213e-15
0.950596441773	1 3 5 6 7 	(1, 4, 2, 4, 1)	3.0595272315e-15
0.950488660784	1 3 5 6 7 	(1, 3, 2, 4, 2)	3.14885668829e-15
0.950391129614	1 3 4 5 6 7 	(1, 2, 2, 2, 3, 2)	3.23175857633e-15
0.950391129614	2 3 4 5 6 7 	(1, 2, 3, 1, 4, 2)	3.23175857633e-15
0.950372042124	1 3 4 5 6 7 	(1, 1, 1, 1, 4, 3)	3.24821674968e-15
