Pearson_cc	cycle_cover	cycle_abundance	P-value
0.989745003125	1 3 4 5 6 7 	(1, 6, 4, 1, 4, 11)	2.33237298112e-24
0.989376114925	1 3 4 5 6 7 	(1, 5, 3, 1, 3, 9)	3.75022389279e-24
0.989376114925	2 3 4 6 7 	(1, 5, 4, 3, 10)	3.75022389279e-24
0.989001454102	1 3 4 5 6 7 	(1, 5, 4, 1, 4, 10)	5.9745692959e-24
0.989001454102	2 3 4 6 7 	(1, 5, 5, 4, 11)	5.9745692959e-24
0.988747691302	2 3 4 6 7 	(1, 5, 4, 4, 11)	8.1170478214e-24
0.988747691302	1 3 4 5 6 7 	(1, 5, 3, 1, 4, 10)	8.1170478214e-24
0.988703749826	1 3 4 5 6 7 	(1, 5, 4, 1, 5, 11)	8.5533740826e-24
0.988350642534	2 3 4 6 7 	(1, 4, 4, 3, 9)	1.29331446262e-23
0.988350642534	1 3 4 5 6 7 	(1, 4, 3, 1, 3, 8)	1.29331446262e-23
0.988308182064	2 3 4 6 7 	(1, 6, 4, 3, 11)	1.35808592444e-23
0.988308182064	1 3 4 5 6 7 	(1, 6, 3, 1, 3, 10)	1.35808592444e-23
0.9882231609	1 3 4 5 6 7 	(1, 6, 4, 1, 3, 11)	1.49689621813e-23
0.988219220762	2 3 4 6 7 	(1, 5, 4, 4, 10)	1.50363667519e-23
0.988219220762	1 3 4 5 6 7 	(1, 5, 3, 1, 4, 9)	1.50363667519e-23
0.988172677014	1 3 4 5 6 7 	(1, 5, 4, 1, 4, 11)	1.58541368408e-23
0.988124779498	1 3 4 5 6 7 	(1, 6, 3, 1, 4, 11)	1.67384974104e-23
0.987895222417	2 3 4 6 7 	(1, 6, 5, 3, 11)	2.16464930615e-23
0.987895222417	1 3 4 5 6 7 	(1, 6, 4, 1, 3, 10)	2.16464930615e-23
0.987858927792	2 3 4 6 7 	(1, 4, 3, 3, 8)	2.2534525194e-23
0.987858927792	1 3 4 5 6 7 	(1, 4, 2, 1, 3, 7)	2.2534525194e-23
0.987829889735	1 3 4 5 6 7 	(1, 6, 4, 1, 5, 11)	2.32691486263e-23
0.987608833537	2 3 4 6 7 	(1, 6, 4, 4, 11)	2.9631761929e-23
0.987608833537	1 3 4 5 6 7 	(1, 6, 3, 1, 4, 10)	2.9631761929e-23
0.987523391434	1 3 4 5 6 7 	(1, 6, 4, 2, 4, 11)	3.24959476411e-23
0.987510689268	2 3 4 6 7 	(1, 4, 4, 4, 10)	3.29429783665e-23
0.987510689268	1 3 4 5 6 7 	(1, 4, 3, 1, 4, 9)	3.29429783665e-23
0.987386935691	1 3 4 5 6 7 	(2, 6, 3, 1, 4, 11)	3.76060103195e-23
0.987332407999	1 3 4 5 6 7 	(1, 5, 4, 1, 3, 10)	3.98483517139e-23
0.987332407999	2 3 4 6 7 	(1, 5, 5, 3, 11)	3.98483517139e-23
0.987271742237	1 3 4 5 6 7 	(1, 7, 4, 1, 3, 11)	4.24880957645e-23
0.98717152837	1 3 4 5 6 7 	(2, 7, 3, 2, 4, 11)	4.72055424016e-23
0.987157448362	2 3 4 6 7 	(1, 5, 4, 3, 9)	4.79058601808e-23
0.987157448362	1 3 4 5 6 7 	(1, 5, 3, 1, 3, 8)	4.79058601808e-23
0.987061700757	1 3 4 5 6 7 	(1, 6, 5, 1, 4, 11)	5.2929105174e-23
0.986897781372	2 3 4 6 7 	(1, 5, 5, 3, 10)	6.26745464038e-23
0.986897781372	1 3 4 5 6 7 	(1, 5, 4, 1, 3, 9)	6.26745464038e-23
0.986897457918	1 3 4 5 6 7 	(1, 6, 4, 2, 5, 11)	6.26953187591e-23
0.986879384211	1 3 4 5 6 7 	(1, 4, 2, 1, 2, 6)	6.38661913526e-23
0.986879384211	2 3 4 6 7 	(1, 4, 3, 2, 7)	6.38661913526e-23
0.986876158193	2 3 4 6 7 	(1, 5, 4, 2, 9)	6.40772985369e-23
0.986876158193	1 3 4 5 6 7 	(1, 5, 3, 1, 2, 8)	6.40772985369e-23
0.986820584778	1 3 4 5 6 7 	(1, 5, 3, 1, 5, 10)	6.7816834428e-23
0.986820584778	2 3 4 6 7 	(1, 5, 4, 5, 11)	6.7816834428e-23
0.98678709525	1 3 4 5 6 7 	(1, 4, 3, 1, 4, 8)	7.01667874786e-23
0.98678709525	2 3 4 6 7 	(1, 4, 4, 4, 9)	7.01667874786e-23
0.986740931666	1 3 4 5 6 7 	(1, 7, 4, 2, 4, 11)	7.35296943587e-23
0.986732422879	1 3 4 5 6 7 	(1, 6, 4, 1, 4, 10)	7.41655790894e-23
0.986732422879	2 3 4 6 7 	(1, 6, 5, 4, 11)	7.41655790894e-23
0.986695270345	1 3 4 5 6 7 	(1, 6, 3, 1, 5, 11)	7.70021416636e-23
0.986689896589	1 3 4 5 6 7 	(2, 6, 3, 2, 4, 10)	7.74206318064e-23
0.986689896589	1 2 3 4 5 6 7 	(1, 1, 6, 4, 1, 4, 11)	7.74206318064e-23
0.986662740563	2 3 4 6 7 	(1, 5, 5, 5, 11)	7.95678214929e-23
0.986662740563	1 3 4 5 6 7 	(1, 5, 4, 1, 5, 10)	7.95678214929e-23
0.986651069746	1 3 4 5 6 7 	(1, 5, 5, 1, 5, 11)	8.05074320331e-23
0.986599970846	1 3 4 5 6 7 	(1, 5, 2, 1, 3, 8)	8.47434901993e-23
0.986599970846	2 3 4 6 7 	(1, 5, 3, 3, 9)	8.47434901993e-23
0.986591972169	2 3 4 6 7 	(1, 4, 3, 2, 8)	8.54249367854e-23
0.986591972169	1 3 4 5 6 7 	(1, 4, 2, 1, 2, 7)	8.54249367854e-23
0.986567336739	2 3 4 5 6 7 	(1, 6, 5, 1, 4, 11)	8.75557305743e-23
0.986567336739	1 3 4 5 6 7 	(1, 6, 4, 2, 4, 10)	8.75557305743e-23
0.986528685741	1 3 4 5 6 7 	(1, 5, 5, 1, 4, 11)	9.09980645764e-23
0.986470830065	1 3 4 5 6 7 	(1, 7, 4, 1, 4, 11)	9.63853572277e-23
0.986456167274	1 3 4 5 6 7 	(2, 6, 3, 1, 5, 11)	9.77967861628e-23
0.986442425936	1 3 4 5 6 7 	(2, 7, 4, 2, 4, 11)	9.91368480097e-23
0.986440664951	1 3 4 5 6 7 	(1, 7, 4, 2, 3, 11)	9.93098025298e-23
0.986382817461	1 3 4 5 6 7 	(1, 6, 4, 2, 3, 10)	1.05148905281e-22
0.986382817461	2 3 4 5 6 7 	(1, 6, 5, 1, 3, 11)	1.05148905281e-22
0.986377475916	1 3 4 5 6 7 	(2, 6, 4, 1, 4, 11)	1.05703791433e-22
0.986368372597	2 3 4 6 7 	(1, 6, 4, 3, 10)	1.06655701107e-22
0.986368372597	1 3 4 5 6 7 	(1, 6, 3, 1, 3, 9)	1.06655701107e-22
0.986310532176	1 3 4 5 6 7 	(1, 5, 3, 1, 5, 11)	1.1289159503e-22
0.986291301987	1 3 4 5 6 7 	(2, 7, 3, 1, 4, 11)	1.15038421497e-22
0.986276338122	1 3 4 5 6 7 	(1, 6, 5, 2, 4, 11)	1.16735021406e-22
0.98617142409	1 2 3 4 6 7 	(1, 1, 6, 4, 4, 11)	1.29295965993e-22
0.98617142409	1 3 4 5 6 7 	(2, 6, 3, 1, 4, 10)	1.29295965993e-22
0.986138741493	1 2 3 4 6 7 	(1, 1, 6, 4, 3, 11)	1.33457241135e-22
0.986138741493	1 3 4 5 6 7 	(2, 6, 3, 1, 3, 10)	1.33457241135e-22
0.986135893137	1 3 4 5 6 7 	(1, 5, 3, 1, 3, 10)	1.33825711806e-22
0.986135893137	2 3 4 6 7 	(1, 5, 4, 3, 11)	1.33825711806e-22
0.986106516807	1 3 4 5 6 7 	(2, 6, 4, 2, 4, 11)	1.37681201211e-22
0.986096237521	1 3 4 5 6 7 	(1, 7, 3, 1, 3, 11)	1.39054391543e-22
0.986086045113	1 3 4 5 6 7 	(2, 6, 3, 2, 5, 11)	1.40428475071e-22
0.986080240666	1 3 4 5 6 7 	(2, 7, 3, 1, 3, 11)	1.41216600552e-22
0.986056174495	2 3 4 6 7 	(1, 4, 5, 4, 10)	1.44528145771e-22
0.986056174495	1 3 4 5 6 7 	(1, 4, 4, 1, 4, 9)	1.44528145771e-22
0.98600085908	1 3 4 5 6 7 	(1, 6, 3, 2, 4, 10)	1.52413802311e-22
0.98600085908	2 3 4 5 6 7 	(1, 6, 4, 1, 4, 11)	1.52413802311e-22
0.985997086138	2 3 4 5 6 7 	(1, 5, 5, 1, 4, 11)	1.52965903325e-22
0.985997086138	1 3 4 5 6 7 	(1, 5, 4, 2, 4, 10)	1.52965903325e-22
0.98599411436	1 3 4 5 6 7 	(1, 6, 5, 1, 3, 11)	1.53402070271e-22
0.98597729811	1 3 4 5 6 7 	(2, 6, 4, 2, 5, 11)	1.55891937323e-22
0.985956618347	1 3 4 5 6 7 	(1, 4, 4, 1, 5, 10)	1.59005091972e-22
0.985956618347	2 3 4 6 7 	(1, 4, 5, 5, 11)	1.59005091972e-22
0.985928969465	1 3 4 5 6 7 	(1, 5, 4, 1, 6, 11)	1.63257264974e-22
0.985845534029	1 3 4 5 6 7 	(2, 7, 3, 2, 3, 11)	1.76735063273e-22
0.985829185488	1 3 4 5 6 7 	(1, 7, 3, 1, 4, 11)	1.79493625374e-22
0.985810150338	1 3 4 5 6 7 	(1, 6, 3, 1, 2, 9)	1.8275567205e-22
0.985810150338	2 3 4 6 7 	(1, 6, 4, 2, 10)	1.8275567205e-22
0.985735618045	1 3 4 5 6 7 	(2, 7, 3, 2, 3, 10)	1.96063185271e-22
