Pearson_cc	cycle_cover	cycle_abundance	P-value
0.984499805202	1 3 4 5 6 7 	(1, 3, 2, 1, 2, 5)	5.97570383788e-22
0.98392046765	1 3 4 5 6 7 	(1, 3, 1, 1, 2, 5)	9.77359275546e-22
0.982428207146	2 3 4 6 7 	(1, 3, 2, 1, 5)	3.21056084405e-21
0.982428207146	1 3 4 5 6 7 	(1, 3, 1, 1, 1, 4)	3.21056084405e-21
0.979142771999	1 3 4 5 6 7 	(1, 4, 1, 1, 1, 5)	3.18532938941e-20
0.978571661094	1 3 4 5 6 7 	(1, 2, 1, 1, 2, 4)	4.57170734687e-20
0.978571661094	2 3 4 6 7 	(1, 2, 2, 2, 5)	4.57170734687e-20
0.978532657965	1 3 4 5 6 7 	(1, 3, 2, 1, 1, 5)	4.68425796609e-20
0.978141733172	1 3 4 5 6 7 	(1, 4, 2, 1, 1, 5)	5.96278187856e-20
0.977810851308	1 3 4 5 6 7 	(1, 3, 1, 1, 2, 4)	7.28938597378e-20
0.977810851308	2 3 4 6 7 	(1, 3, 2, 2, 5)	7.28938597378e-20
0.977167309949	1 3 4 5 6 7 	(1, 4, 1, 1, 2, 5)	1.06824366327e-19
0.977058943455	1 3 4 5 6 7 	(1, 3, 1, 1, 3, 5)	1.13803127013e-19
0.976903599144	1 3 4 5 6 7 	(1, 3, 2, 1, 3, 5)	1.24544531398e-19
0.976660593069	1 3 4 5 6 7 	(1, 2, 2, 1, 3, 5)	1.43241405726e-19
0.976652433051	1 3 4 5 6 7 	(1, 4, 2, 2, 2, 5)	1.43912069369e-19
0.976538000884	1 3 4 5 6 7 	(1, 3, 2, 2, 2, 5)	1.53628121211e-19
0.975837870433	1 3 4 5 6 7 	(1, 2, 1, 1, 1, 3)	2.27551816676e-19
0.975837870433	2 3 4 6 7 	(1, 2, 2, 1, 4)	2.27551816676e-19
0.975605549355	1 3 4 5 6 7 	(1, 4, 2, 2, 1, 5)	2.58577432732e-19
0.974972115146	1 3 4 5 6 7 	(1, 4, 2, 1, 2, 5)	3.64140676345e-19
0.974529880421	1 3 4 5 6 7 	(1, 3, 2, 2, 3, 5)	4.60077872409e-19
0.974383985539	1 3 4 5 6 7 	(1, 4, 1, 2, 2, 5)	4.9653085002e-19
0.974062415396	1 3 4 5 6 7 	(1, 2, 2, 1, 2, 5)	5.86498464838e-19
0.974031415449	1 3 4 5 6 7 	(2, 4, 1, 2, 2, 5)	5.95923800421e-19
0.973602293288	1 3 4 5 6 7 	(1, 3, 1, 1, 1, 5)	7.41627092758e-19
0.972719155591	1 3 4 5 6 7 	(1, 2, 2, 1, 2, 4)	1.15043970292e-18
0.972719155591	2 3 4 6 7 	(1, 2, 3, 2, 5)	1.15043970292e-18
0.972563813593	2 3 4 6 7 	(1, 3, 3, 1, 5)	1.24095676764e-18
0.972563813593	1 3 4 5 6 7 	(1, 3, 2, 1, 1, 4)	1.24095676764e-18
0.971539459196	1 3 4 5 6 7 	(1, 2, 1, 1, 3, 5)	2.02324148645e-18
0.971435702096	1 3 4 5 6 7 	(1, 3, 1, 2, 2, 4)	2.12381977821e-18
0.971435702096	2 3 4 5 6 7 	(1, 3, 2, 1, 2, 5)	2.12381977821e-18
0.970900348761	1 3 4 5 6 7 	(1, 4, 1, 2, 1, 5)	2.72028555321e-18
0.970223254993	1 3 4 5 6 7 	(1, 3, 3, 1, 2, 5)	3.6960545482e-18
0.969816241917	1 3 4 5 6 7 	(1, 3, 1, 2, 3, 5)	4.42887345602e-18
0.969535607382	1 3 4 5 6 7 	(1, 3, 1, 2, 2, 5)	5.00995539673e-18
0.969371589413	1 3 4 5 6 7 	(1, 3, 2, 2, 2, 4)	5.38139495794e-18
0.969371589413	2 3 4 5 6 7 	(1, 3, 3, 1, 2, 5)	5.38139495794e-18
0.969150827946	1 3 4 5 6 7 	(2, 4, 1, 1, 2, 5)	5.92156554539e-18
0.96911358743	1 3 4 5 6 7 	(1, 3, 3, 2, 2, 5)	6.01747833616e-18
0.968899155073	2 3 4 6 7 	(1, 2, 2, 3, 5)	6.59825152791e-18
0.968899155073	1 3 4 5 6 7 	(1, 2, 1, 1, 3, 4)	6.59825152791e-18
0.968747825232	1 3 4 5 6 7 	(1, 4, 2, 2, 3, 5)	7.03882044292e-18
0.968729344097	1 3 4 5 6 7 	(2, 5, 1, 2, 1, 5)	7.09444796697e-18
0.968703804167	1 3 4 5 6 7 	(1, 2, 1, 1, 2, 3)	7.17199082649e-18
0.968703804167	2 3 4 6 7 	(1, 2, 2, 2, 4)	7.17199082649e-18
0.968698120949	1 3 4 5 6 7 	(2, 3, 1, 1, 2, 5)	7.18935204281e-18
0.968683534613	1 3 4 5 6 7 	(1, 5, 2, 2, 1, 5)	7.23408856089e-18
0.968477378553	2 3 4 5 6 7 	(1, 4, 2, 1, 1, 5)	7.89450645554e-18
0.968477378553	1 3 4 5 6 7 	(1, 4, 1, 2, 1, 4)	7.89450645554e-18
0.968315538651	1 3 4 5 6 7 	(2, 4, 1, 2, 1, 5)	8.45150896007e-18
0.968261294146	1 3 4 5 6 7 	(2, 4, 2, 2, 2, 5)	8.64617852009e-18
0.968174863804	1 3 4 5 6 7 	(1, 3, 2, 1, 2, 4)	8.96493088979e-18
0.968174863804	2 3 4 6 7 	(1, 3, 3, 2, 5)	8.96493088979e-18
0.967763575184	1 3 4 5 6 7 	(1, 3, 2, 2, 1, 4)	1.0635963024e-17
0.967763575184	2 3 4 5 6 7 	(1, 3, 3, 1, 1, 5)	1.0635963024e-17
0.96754840363	1 3 4 5 6 7 	(2, 4, 1, 2, 3, 5)	1.16206212972e-17
0.96751407548	1 3 4 5 6 7 	(1, 4, 3, 2, 2, 5)	1.1785284529e-17
0.967508070162	1 3 4 5 6 7 	(2, 4, 1, 1, 1, 5)	1.18143110298e-17
0.96734869212	1 3 4 5 6 7 	(1, 3, 1, 2, 1, 4)	1.26092222215e-17
0.96734869212	2 3 4 5 6 7 	(1, 3, 2, 1, 1, 5)	1.26092222215e-17
0.967114022115	1 3 4 5 6 7 	(1, 4, 2, 3, 2, 5)	1.38699214057e-17
0.967110824622	1 3 4 5 6 7 	(1, 5, 1, 2, 1, 5)	1.38878759535e-17
0.967105206941	1 3 4 5 6 7 	(1, 3, 3, 2, 3, 5)	1.39194723299e-17
0.96698695595	1 3 4 5 6 7 	(1, 4, 1, 1, 1, 4)	1.46001768995e-17
0.96698695595	2 3 4 6 7 	(1, 4, 2, 1, 5)	1.46001768995e-17
0.966947283158	1 3 4 5 6 7 	(1, 4, 1, 2, 3, 5)	1.48353525296e-17
0.966861955581	1 3 4 5 7 	(1, 4, 2, 1, 5)	1.53530680658e-17
0.966804241188	1 3 4 5 6 7 	(1, 2, 2, 1, 4, 5)	1.57126505069e-17
0.966768812698	1 3 4 5 6 7 	(1, 4, 3, 2, 1, 5)	1.59372201523e-17
0.966562973275	1 3 4 5 6 7 	(2, 3, 1, 2, 3, 5)	1.7301703911e-17
0.966156802709	1 3 4 5 6 7 	(2, 5, 1, 2, 2, 5)	2.03159637576e-17
0.965912407437	1 3 4 5 6 7 	(1, 3, 2, 2, 1, 5)	2.23561597708e-17
0.965880803425	1 3 4 5 6 7 	(2, 3, 1, 1, 3, 5)	2.26333797436e-17
0.965678942373	1 3 4 5 6 7 	(1, 2, 3, 1, 3, 5)	2.44802974321e-17
0.965559977021	1 3 4 5 6 7 	(1, 2, 2, 2, 3, 5)	2.56329643749e-17
0.965450653972	1 3 4 5 6 7 	(2, 5, 1, 3, 2, 5)	2.67362005281e-17
0.96533212472	2 3 4 6 7 	(1, 3, 2, 1, 4)	2.79817807072e-17
0.96533212472	1 3 4 5 6 7 	(1, 3, 1, 1, 1, 3)	2.79817807072e-17
0.965211575507	1 3 4 5 6 7 	(1, 3, 3, 1, 1, 5)	2.93033795585e-17
0.964734961899	1 3 4 5 6 7 	(1, 4, 2, 2, 1, 4)	3.51134881121e-17
0.964734961899	2 3 4 5 6 7 	(1, 4, 3, 1, 1, 5)	3.51134881121e-17
0.964688859774	1 3 4 5 6 7 	(1, 2, 1, 1, 2, 5)	3.57285440014e-17
0.964414414604	1 3 4 5 6 7 	(1, 5, 2, 2, 2, 5)	3.9600696278e-17
0.96434378701	1 3 4 5 6 7 	(1, 3, 3, 1, 3, 5)	4.06580325928e-17
0.964338919814	1 3 4 5 6 7 	(2, 4, 2, 2, 1, 5)	4.07318490356e-17
0.964311824539	1 3 4 5 6 7 	(1, 3, 2, 2, 4, 5)	4.1145046452e-17
0.964300897857	1 3 4 5 6 7 	(2, 4, 1, 3, 2, 5)	4.1312768718e-17
0.964161173091	1 3 4 5 6 7 	(2, 4, 2, 3, 2, 5)	4.35139198014e-17
0.964096424454	1 3 4 5 6 7 	(1, 4, 1, 1, 3, 5)	4.45702238179e-17
0.963971591802	1 3 4 5 6 7 	(1, 3, 1, 2, 1, 3)	4.66738713762e-17
0.963971591802	2 3 4 5 6 7 	(1, 3, 2, 1, 1, 4)	4.66738713762e-17
0.963967257387	1 3 4 5 6 7 	(1, 4, 2, 3, 3, 5)	4.67485344954e-17
0.963857615304	1 3 4 5 6 7 	(2, 5, 1, 3, 1, 5)	4.86742760086e-17
0.963841952457	1 3 4 5 6 7 	(2, 3, 1, 2, 2, 5)	4.89552799053e-17
0.963787680556	1 3 4 5 6 7 	(2, 3, 2, 2, 3, 5)	4.99405916536e-17
0.963711528001	1 3 4 5 6 7 	(1, 2, 3, 1, 2, 5)	5.13540496252e-17
0.963671293804	1 3 4 5 6 7 	(1, 2, 2, 1, 3, 4)	5.21156597078e-17
0.963671293804	2 3 4 6 7 	(1, 2, 3, 3, 5)	5.21156597078e-17
