chr7	39535501	39591000	1|4.27
chr7	39603401	39674600	2|4.191
chr7	41068101	41095100	3|4.257
chr7	41965001	42077100	4|4.485
chr7	42077101	42079000	5|4.298
chr7	42394101	42486000	6|4.283
chr7	42684401	42685000	7|4.072
chr7	42685001	42743500	8|4.248
chr7	42743501	42770600	9|6.607
chr7	42770601	42781000	10|4.384
chr7	42794301	42831000	11|4.404
chr7	42831001	42937900	12|4.158
chr7	54770501	54827200	13|6.049
chr7	54827201	54946700	14|6.424
chr7	54946701	55260600	15|6.122
chr7	55260601	55342600	16|6.591
chr7	55342601	55469200	17|6
chr7	62496501	62649500	18|5.97
chr7	91631401	91670300	19|6.299
chr7	91670301	91690600	20|5.786
chr7	91690601	91978500	21|4.965
chr7	91978501	91994800	22|5.869
chr7	91994801	92101200	23|5.018
chr7	92101701	92216200	24|6.002
chr7	92216201	92393400	25|6.47
chr7	92393401	92455200	26|5.825
chr7	92455201	92537100	27|6.35
chr8	128736401	128842600	28|5.195
chr8	128842601	129168500	29|5.013
chr17	9156601	10474500	30|3.397
